0.900240 0.404618 0.352159 
0.440831 1.278970 -0.071702 
0.445018 -0.007352 1.141105 
particle: 0.995470 1.703753 1.519185 0.691144 1.419016 0.610169 0.895908 0.731613 1.306982 1.637026 1.260352 0.893246 
particle: 0.568125 0.441826 1.488145 0.103311 0.299946 0.614178 1.042600 -0.019815 0.738637 0.851472 0.960069 0.681213 
particle: 0.582154 0.742182 0.133888 1.246960 1.420048 -0.180008 1.240571 1.132155 0.777633 0.496402 1.696473 0.420201 
particle: 0.902940 0.939941 0.487900 -0.045735 0.626703 0.531471 0.701849 -0.020391 0.681099 0.537291 0.350877 -0.232729 
ghost: -0.790618 0.027517 0.097623 -1.094944 -0.257220 -0.811393 -0.890181 -0.944623 -0.114581 -0.149062 -0.415884 -0.528317 
ghost: -0.345600 0.020165 1.238728 -0.649926 -0.264571 0.329712 -0.445163 -0.951975 1.026525 0.295956 -0.423236 0.612788 
ghost: 0.099418 0.012814 2.379833 -0.204908 -0.271923 1.470817 -0.000145 -0.959327 2.167630 0.740974 -0.430587 1.753893 
ghost: -0.349788 1.306487 0.025921 -0.654114 1.021750 -0.883095 -0.449350 0.334346 -0.186282 0.291769 0.863085 -0.600018 
ghost: 0.095230 1.299135 1.167027 -0.209096 1.014398 0.258010 -0.004332 0.326995 0.954823 0.736787 0.855734 0.541087 
ghost: 0.540248 1.291783 2.308132 0.235922 1.007047 1.399115 0.440686 0.319643 2.095928 1.181805 0.848382 1.682192 
ghost: 0.091043 2.585456 -0.045780 -0.213283 2.300719 -0.954797 -0.008520 1.613316 -0.257984 0.732599 2.142055 -0.671720 
ghost: 0.536061 2.578105 1.095325 0.231735 2.293368 0.186309 0.436498 1.605964 0.883122 1.177617 2.134703 0.469385 
ghost: 0.981079 2.570753 2.236430 0.676753 2.286016 1.327414 0.881516 1.598613 2.024227 1.622635 2.127352 1.610490 
ghost: 0.109621 0.432135 0.449782 -0.194704 0.147398 -0.459235 0.010059 -0.540005 0.237578 0.751178 -0.011266 -0.176158 
ghost: 0.554639 0.424784 1.590887 0.250314 0.140047 0.681871 0.455077 -0.547357 1.378683 1.196196 -0.018618 0.964947 
ghost: 0.999657 0.417432 2.731992 0.695332 0.132695 1.822976 0.900095 -0.554708 2.519789 1.641214 -0.025969 2.106052 
ghost: 0.550452 1.711105 0.378080 0.246126 1.426368 -0.530936 0.450890 0.738964 0.165877 1.192008 1.267704 -0.247860 
ghost: 1.440488 1.696402 2.660291 1.136162 1.411665 1.751274 1.340926 0.724261 2.448087 2.082044 1.253000 2.034351 
ghost: 0.991282 2.990074 0.306379 0.686957 2.705338 -0.602638 0.891720 2.017934 0.094175 1.632839 2.546673 -0.319561 
ghost: 1.436300 2.982723 1.447484 1.131975 2.697986 0.538467 1.336738 2.010582 1.235280 2.077857 2.539322 0.821544 
ghost: 1.881318 2.975371 2.588589 1.576993 2.690634 1.679573 1.781756 2.003231 2.376386 2.522875 2.531970 1.962649 
ghost: 1.009861 0.836753 0.801941 0.705535 0.552017 -0.107076 0.910299 -0.135387 0.589737 1.651418 0.393352 0.176001 
ghost: 1.454879 0.829402 1.943046 1.150553 0.544665 1.034029 1.355317 -0.142739 1.730842 2.096436 0.386001 1.317106 
ghost: 1.899897 0.822050 3.084151 1.595571 0.537313 2.175135 1.800335 -0.150090 2.871947 2.541454 0.378649 2.458211 
ghost: 1.450692 2.115723 0.730239 1.146366 1.830986 -0.178777 1.351129 1.143583 0.518036 2.092248 1.672322 0.104299 
ghost: 1.895710 2.108371 1.871344 1.591384 1.823635 0.962328 1.796147 1.136231 1.659141 2.537266 1.664970 1.245404 
ghost: 2.340728 2.101020 3.012449 2.036402 1.816283 2.103433 2.241165 1.128879 2.800246 2.982284 1.657619 2.386510 
ghost: 1.891522 3.394693 0.658538 1.587196 3.109956 -0.250479 1.791960 2.422552 0.446334 2.533079 2.951291 0.032598 
ghost: 2.336540 3.387341 1.799643 2.032214 3.102604 0.890626 2.236978 2.415201 1.587439 2.978097 2.943940 1.173703 
ghost: 2.781558 3.379989 2.940748 2.477232 3.095253 2.031731 2.681996 2.407849 2.728544 3.423115 2.936588 2.314808 
ghost: -1.217963 -1.234410 0.066582 -1.682777 -1.376290 -0.807385 -0.743489 -1.696051 -0.682926 -0.934617 -0.716167 -0.740349 
ghost: -0.772945 -1.241762 1.207687 -1.237759 -1.383641 0.333720 -0.298471 -1.703403 0.458179 -0.489599 -0.723519 0.400756 
ghost: -0.327927 -1.249114 2.348792 -0.792741 -1.390993 1.474825 0.146547 -1.710754 1.599285 -0.044581 -0.730870 1.541861 
ghost: -0.777133 0.044559 -0.005119 -1.241947 -0.097320 -0.879086 -0.302658 -0.417081 -0.754627 -0.493786 0.562803 -0.812051 
ghost: -0.332115 0.037208 1.135986 -0.796929 -0.104672 0.262019 0.142360 -0.424433 0.386478 -0.048768 0.555451 0.329054 
ghost: 0.112903 0.029856 2.277091 -0.351911 -0.112023 1.403124 0.587378 -0.431785 1.527583 0.396250 0.548099 1.470159 
ghost: -0.336302 1.323529 -0.076821 -0.801116 1.181649 -0.950788 0.138172 0.861888 -0.826329 -0.052956 1.841772 -0.883752 
ghost: 0.108716 1.316177 1.064284 -0.356098 1.174298 0.190317 0.583190 0.854537 0.314776 0.392062 1.834421 0.257353 
ghost: 0.553734 1.308826 2.205389 0.088920 1.166946 1.331422 1.028208 0.847185 1.455882 0.837080 1.827069 1.398458 
ghost: -0.317723 -0.829792 0.418741 -0.782537 -0.971672 -0.455226 0.156751 -1.291433 -0.330767 -0.034377 -0.311549 -0.388190 
ghost: 0.127295 -0.837144 1.559846 -0.337519 -0.979023 0.685879 0.601769 -1.298784 0.810338 0.410641 -0.318900 0.752915 
ghost: 0.572313 -0.844496 2.700951 0.107499 -0.986375 1.826984 1.046787 -1.306136 1.951443 0.855659 -0.326252 1.894020 
ghost: 0.123107 0.449177 0.347039 -0.341707 0.307298 -0.526927 0.597581 -0.012463 -0.402468 0.406454 0.967421 -0.459892 
ghost: 1.013143 0.434474 2.629250 0.548329 0.292595 1.755283 1.487618 -0.027166 1.879742 1.296490 0.952718 1.822318 
ghost: 0.563938 1.728147 0.275338 0.099124 1.586268 -0.598629 1.038412 1.266506 -0.474170 0.847284 2.246390 -0.531594 
ghost: 1.008956 1.720795 1.416443 0.544142 1.578916 0.542476 1.483430 1.259155 0.666935 1.292302 2.239039 0.609512 
ghost: 1.453974 1.713444 2.557548 0.989160 1.571564 1.683581 1.928448 1.251803 1.808040 1.737320 2.231687 1.750617 
ghost: 0.582516 -0.425174 0.770900 0.117702 -0.567053 -0.103067 1.056991 -0.886815 0.021392 0.865863 0.093069 -0.036032 
ghost: 1.027534 -0.432526 1.912005 0.562720 -0.574405 1.038038 1.502009 -0.894166 1.162497 1.310881 0.085718 1.105074 
ghost: 1.472552 -0.439877 3.053110 1.007738 -0.581757 2.179143 1.947027 -0.901518 2.303602 1.755899 0.078366 2.246179 
ghost: 1.023347 0.853796 0.699198 0.558533 0.711916 -0.174769 1.497821 0.392155 -0.050310 1.306694 1.372039 -0.107733 
ghost: 1.468365 0.846444 1.840303 1.003551 0.704565 0.966337 1.942839 0.384803 1.090796 1.751712 1.364687 1.033372 
ghost: 1.913383 0.839092 2.981409 1.448569 0.697213 2.107442 2.387857 0.377452 2.231901 2.196730 1.357336 2.174477 
ghost: 1.464177 2.132765 0.627497 0.999363 1.990886 -0.246470 1.938652 1.671125 -0.122011 1.747524 2.651009 -0.179435 
ghost: 1.909195 2.125414 1.768602 1.444381 1.983534 0.894635 2.383670 1.663773 1.019094 2.192542 2.643657 0.961670 
ghost: 2.354213 2.118062 2.909707 1.889400 1.976183 2.035740 2.828688 1.656421 2.160199 2.637560 2.636305 2.102776 
ghost: -1.203935 -0.934054 -1.287675 -0.539128 -0.256188 -1.601571 -0.545517 -0.544081 -0.643930 -1.289686 0.020237 -1.001361 
ghost: -0.758917 -0.941405 -0.146570 -0.094110 -0.263540 -0.460466 -0.100499 -0.551433 0.497176 -0.844668 0.012886 0.139744 
ghost: -0.313899 -0.948757 0.994536 0.350908 -0.270892 0.680639 0.344519 -0.558784 1.638281 -0.399650 0.005534 1.280849 
ghost: -0.763104 0.344916 -1.359376 -0.098298 1.022781 -1.673272 -0.104687 0.734889 -0.715631 -0.848856 1.299207 -1.073063 
ghost: -0.318086 0.337564 -0.218271 0.346720 1.015430 -0.532167 0.340331 0.727537 0.425474 -0.403838 1.291855 0.068042 
ghost: 0.126932 0.330213 0.922834 0.791738 1.008078 0.608938 0.785349 0.720185 1.566579 0.041180 1.284504 1.209148 
ghost: -0.322274 1.623885 -1.431078 0.342533 2.301751 -1.744974 0.336144 2.013858 -0.787333 -0.408025 2.578176 -1.144764 
ghost: 0.122744 1.616534 -0.289973 0.787551 2.294399 -0.603869 0.781162 2.006507 0.353772 0.036993 2.570825 -0.003659 
ghost: 0.567763 1.609182 0.851133 1.232569 2.287048 0.537236 1.226180 1.999155 1.494878 0.482011 2.563473 1.137446 
ghost: -0.303695 -0.529436 -0.935516 0.361112 0.148430 -1.249412 0.354723 -0.139463 -0.291771 -0.389446 0.424855 -0.649202 
ghost: 0.141323 -0.536787 0.205589 0.806130 0.141078 -0.108307 0.799741 -0.146814 0.849334 0.055572 0.417504 0.491903 
ghost: 0.586341 -0.544139 1.346694 1.251148 0.133727 1.032798 1.244759 -0.154166 1.990440 0.500590 0.410152 1.633008 
ghost: 0.137136 0.749534 -1.007217 0.801942 1.427400 -1.321114 0.795553 1.139507 -0.363472 0.051384 1.703825 -0.720904 
ghost: 1.027172 0.734831 1.274993 1.691978 1.412696 0.961097 1.685589 1.124804 1.918738 0.941420 1.689122 1.561306 
ghost: 0.577966 2.028504 -1.078919 1.242773 2.706369 -1.392815 1.236384 2.418476 -0.435174 0.492215 2.982795 -0.792605 
ghost: 1.022984 2.021152 0.062186 1.687791 2.699018 -0.251710 1.681402 2.411125 0.705931 0.937233 2.975443 0.348500 
ghost: 1.468002 2.013800 1.203291 2.132809 2.691666 0.889395 2.126420 2.403773 1.847036 1.382251 2.968091 1.489605 
ghost: 0.596545 -0.124817 -0.583357 1.261351 0.553048 -0.897253 1.254963 0.265155 0.060388 0.510794 0.829474 -0.297044 
ghost: 1.041563 -0.132169 0.557748 1.706370 0.545696 0.243852 1.699981 0.257804 1.201493 0.955812 0.822122 0.844062 
ghost: 1.486581 -0.139521 1.698853 2.151388 0.538345 1.384957 2.144999 0.250452 2.342598 1.400830 0.814770 1.985167 
ghost: 1.037376 1.154152 -0.655059 1.702182 1.832018 -0.968955 1.695793 1.544125 -0.011313 0.951624 2.108443 -0.368745 
ghost: 1.482394 1.146801 0.486047 2.147200 1.824666 0.172150 2.140811 1.536773 1.129792 1.396642 2.101092 0.772360 
ghost: 1.927412 1.139449 1.627152 2.592218 1.817314 1.313256 2.585829 1.529422 2.270897 1.841660 2.093740 1.913465 
ghost: 1.478206 2.433122 -0.726760 2.143013 3.110987 -1.040656 2.136624 2.823095 -0.083015 1.392455 3.387413 -0.440447 
ghost: 1.923224 2.425770 0.414345 2.588031 3.103636 0.100449 2.581642 2.815743 1.058090 1.837473 3.380061 0.700659 
ghost: 2.368242 2.418419 1.555450 3.033049 3.096284 1.241554 3.026660 2.808391 2.199195 2.282491 3.372710 1.841764 
ghost: -0.883149 -0.736295 -0.933663 -1.831823 -1.049533 -0.890091 -1.084240 -1.696627 -0.740464 -1.248797 -1.325359 -1.654291 
ghost: -0.438131 -0.743647 0.207442 -1.386805 -1.056885 0.251014 -0.639222 -1.703979 0.400641 -0.803779 -1.332710 -0.513186 
ghost: 0.006887 -0.750999 1.348548 -0.941787 -1.064236 1.392119 -0.194204 -1.711330 1.541747 -0.358761 -1.340062 0.627919 
ghost: -0.442318 0.542674 -1.005364 -1.390993 0.229436 -0.961793 -0.643409 -0.417657 -0.812165 -0.807967 -0.046389 -1.725993 
ghost: 0.002700 0.535323 0.135741 -0.945975 0.222085 0.179312 -0.198391 -0.425009 0.328940 -0.362949 -0.053741 -0.584888 
ghost: 0.447718 0.527971 1.276846 -0.500957 0.214733 1.320417 0.246627 -0.432361 1.470045 0.082069 -0.061092 0.556218 
ghost: -0.001488 1.821644 -1.077066 -0.950162 1.508406 -1.033495 -0.202579 0.861312 -0.883867 -0.367136 1.232580 -1.797694 
ghost: 0.443530 1.814292 0.064039 -0.505144 1.501054 0.107611 0.242439 0.853961 0.257238 0.077882 1.225229 -0.656589 
ghost: 0.888549 1.806941 1.205144 -0.060126 1.493703 1.248716 0.687457 0.846609 1.398344 0.522900 1.217877 0.484516 
ghost: 0.017091 -0.331677 -0.581504 -0.931583 -0.644915 -0.537933 -0.184000 -1.292009 -0.388305 -0.348558 -0.920741 -1.302132 
ghost: 0.462109 -0.339029 0.559601 -0.486565 -0.652267 0.603173 0.261018 -1.299360 0.752800 0.096460 -0.928092 -0.161027 
ghost: 0.907127 -0.346381 1.700706 -0.041547 -0.659618 1.744278 0.706036 -1.306712 1.893905 0.541478 -0.935444 0.980078 
ghost: 0.457922 0.947292 -0.653205 -0.490753 0.634055 -0.609634 0.256831 -0.013039 -0.460006 0.092273 0.358229 -1.373834 
ghost: 1.347958 0.932589 1.629005 0.399283 0.619351 1.672576 1.146867 -0.027742 1.822204 0.982309 0.343526 0.908376 
ghost: 0.898752 2.226262 -0.724907 -0.049922 1.913024 -0.681336 0.697661 1.265931 -0.531708 0.533103 1.637199 -1.445535 
ghost: 1.343770 2.218910 0.416198 0.395096 1.905673 0.459769 1.142679 1.258579 0.609397 0.978121 1.629847 -0.304430 
ghost: 1.788788 2.211559 1.557303 0.840114 1.898321 1.600875 1.587697 1.251227 1.750502 1.423139 1.622495 0.836675 
ghost: 0.917331 0.072941 -0.229345 -0.031344 -0.240297 -0.185774 0.716240 -0.887391 -0.036146 0.551682 -0.516122 -0.949973 
ghost: 1.362349 0.065589 0.911760 0.413674 -0.247648 0.955331 1.161258 -0.894742 1.104959 0.996700 -0.523474 0.191132 
ghost: 1.807367 0.058238 2.052865 0.858692 -0.255000 2.096437 1.606276 -0.902094 2.246064 1.441718 -0.530826 1.332237 
ghost: 1.358162 1.351911 -0.301047 0.409487 1.038673 -0.257475 1.157071 0.391579 -0.107847 0.992513 0.762847 -1.021675 
ghost: 1.803180 1.344559 0.840059 0.854505 1.031321 0.883630 1.602089 0.384227 1.033258 1.437531 0.755496 0.119430 
ghost: 2.248198 1.337207 1.981164 1.299523 1.023970 2.024735 2.047107 0.376876 2.174363 1.882549 0.748144 1.260535 
ghost: 1.798992 2.630880 -0.372748 0.850317 2.317642 -0.329177 1.597901 1.670549 -0.179549 1.433343 2.041817 -1.093377 
ghost: 2.244010 2.623529 0.768357 1.295335 2.310291 0.811928 2.042919 1.663197 0.961556 1.878361 2.034465 0.047729 
ghost: 2.689028 2.616177 1.909462 1.740353 2.302939 1.953033 2.487937 1.655845 2.102661 2.323379 2.027114 1.188834 
