1.342398 0.307730 -0.497438 
0.160813 1.226424 -0.150245 
-0.392788 -0.200062 1.299761 
particle: -0.030981 1.147337 -0.530054 0.838787 0.791458 -0.188217 -0.014969 0.555845 0.276098 0.344134 1.487451 0.332274 
particle: 1.075811 0.033953 -0.868919 0.747784 -0.217633 0.041632 0.515254 0.674965 -0.344630 1.454269 0.482841 -0.059432 
particle: -0.442390 1.251278 0.787915 0.075859 0.583939 0.253053 0.413952 0.879663 1.146496 0.428812 1.511996 0.371942 
particle: -0.153178 0.456414 0.295903 0.420250 0.393975 -0.520971 0.677549 -0.100101 0.309502 0.744277 0.897237 0.280111 
ghost: -1.141404 -0.186754 -1.182132 -0.271636 -0.542633 -0.840294 -1.125392 -0.778245 -0.375980 -0.766289 0.153360 -0.319803 
ghost: -1.534192 -0.386816 0.117629 -0.664424 -0.742696 0.459467 -1.518179 -0.978308 0.923781 -1.159076 -0.046702 0.979958 
ghost: -1.926980 -0.586878 1.417390 -1.057211 -0.942758 1.759228 -1.910967 -1.178370 2.223542 -1.551864 -0.246765 2.279719 
ghost: -0.980591 1.039670 -1.332377 -0.110823 0.683790 -0.990540 -0.964579 0.448178 -0.526225 -0.605476 1.379784 -0.470048 
ghost: -1.373379 0.839608 -0.032616 -0.503611 0.483728 0.309221 -1.357366 0.248116 0.773536 -0.998263 1.179721 0.829713 
ghost: -1.766167 0.639545 1.267145 -0.896398 0.283665 1.608982 -1.750154 0.048053 2.073297 -1.391051 0.979659 2.129474 
ghost: -0.819778 2.266093 -1.482622 0.049990 1.910214 -1.140785 -0.803766 1.674602 -0.676470 -0.444663 2.606207 -0.620294 
ghost: -1.212566 2.066031 -0.182861 -0.342798 1.710151 0.158976 -1.196553 1.474539 0.623291 -0.837450 2.406145 0.679467 
ghost: -1.605354 1.865969 1.116900 -0.735585 1.510089 1.458737 -1.589341 1.274477 1.923051 -1.230238 2.206083 1.979228 
ghost: 0.200993 0.120976 -1.679570 1.070762 -0.234904 -1.337733 0.217006 -0.470516 -0.873418 0.576109 0.461090 -0.817241 
ghost: -0.191794 -0.079086 -0.379809 0.677974 -0.434966 -0.037972 -0.175782 -0.670578 0.426343 0.183321 0.261028 0.482520 
ghost: -0.584582 -0.279149 0.919952 0.285186 -0.635028 1.261789 -0.568569 -0.870641 1.726104 -0.209466 0.060965 1.782281 
ghost: 0.361806 1.347400 -1.829815 1.231575 0.991520 -1.487978 0.377819 0.755908 -1.023663 0.736922 1.687514 -0.967487 
ghost: -0.423769 0.947275 0.769707 0.445999 0.591395 1.111544 -0.407756 0.355783 1.575859 -0.048653 1.287389 1.632035 
ghost: 0.522619 2.573823 -1.980061 1.392388 2.217943 -1.638224 0.538632 1.982331 -1.173909 0.897735 2.913937 -1.117732 
ghost: 0.129832 2.373761 -0.680300 0.999600 2.017881 -0.338463 0.145844 1.782269 0.125852 0.504947 2.713875 0.182029 
ghost: -0.262956 2.173698 0.619461 0.606812 1.817819 0.961298 -0.246943 1.582207 1.425613 0.112160 2.513812 1.481790 
ghost: 1.543391 0.428706 -2.177008 2.413159 0.072826 -1.835171 1.559404 -0.162786 -1.370856 1.918506 0.768820 -1.314679 
ghost: 1.150603 0.228643 -0.877247 2.020372 -0.127236 -0.535410 1.166616 -0.362848 -0.071095 1.525719 0.568757 -0.014918 
ghost: 0.757816 0.028581 0.422514 1.627584 -0.327299 0.764351 0.773828 -0.562911 1.228666 1.132931 0.368695 1.284843 
ghost: 1.704204 1.655129 -2.327254 2.573972 1.299250 -1.985416 1.720217 1.063638 -1.521102 2.079319 1.995243 -1.464925 
ghost: 1.311416 1.455067 -1.027493 2.181185 1.099187 -0.685656 1.327429 0.863575 -0.221341 1.686532 1.795181 -0.165164 
ghost: 0.918629 1.255005 0.272268 1.788397 0.899125 0.614105 0.934641 0.663513 1.078420 1.293744 1.595119 1.134597 
ghost: 1.865017 2.881553 -2.477499 2.734785 2.525673 -2.135662 1.881030 2.290061 -1.671347 2.240132 3.221667 -1.615170 
ghost: 1.472229 2.681491 -1.177738 2.341998 2.325611 -0.835901 1.488242 2.089999 -0.371586 1.847345 3.021604 -0.315409 
ghost: 1.079442 2.481428 0.122023 1.949210 2.125548 0.463860 1.095454 1.889936 0.928175 1.454557 2.821542 0.984352 
ghost: -0.034612 -1.300138 -1.520996 -0.362639 -1.551724 -0.610445 -0.595169 -0.659126 -0.996707 0.343846 -0.851250 -0.711509 
ghost: -0.427399 -1.500201 -0.221235 -0.755427 -1.751787 0.689316 -0.987957 -0.859188 0.303054 -0.048941 -1.051313 0.588252 
ghost: -0.820187 -1.700263 1.078526 -1.148215 -1.951849 1.989077 -1.380744 -1.059251 1.602815 -0.441729 -1.251375 1.888013 
ghost: 0.126201 -0.073715 -1.671241 -0.201826 -0.325301 -0.760691 -0.434356 0.567298 -1.146952 0.504659 0.375173 -0.861754 
ghost: -0.266586 -0.273777 -0.371480 -0.594614 -0.525363 0.539070 -0.827144 0.367235 0.152809 0.111872 0.175111 0.438007 
ghost: -0.659374 -0.473839 0.928281 -0.987402 -0.725426 1.838831 -1.219931 0.167173 1.452570 -0.280916 -0.024951 1.737768 
ghost: 0.287014 1.152709 -1.821487 -0.041013 0.901123 -0.910936 -0.273543 1.793721 -1.297198 0.665472 1.601597 -1.012000 
ghost: -0.105773 0.952647 -0.521726 -0.433801 0.701060 0.388825 -0.666331 1.593659 0.002563 0.272685 1.401534 0.287761 
ghost: -0.498561 0.752584 0.778035 -0.826589 0.500998 1.688586 -1.059118 1.393596 1.302324 -0.120103 1.201472 1.587522 
ghost: 1.307786 -0.992408 -2.018434 0.979758 -1.243995 -1.107884 0.747228 -0.351396 -1.494145 1.686244 -0.543520 -1.208947 
ghost: 0.914998 -1.192471 -0.718673 0.586971 -1.444057 0.191877 0.354441 -0.551459 -0.194384 1.293456 -0.743583 0.090814 
ghost: 0.522211 -1.392533 0.581088 0.194183 -1.644119 1.491638 -0.038347 -0.751521 1.105377 0.900669 -0.943645 1.390575 
ghost: 1.468599 0.234015 -2.168680 1.140571 -0.017571 -1.258129 0.908041 0.875027 -1.644391 1.847057 0.682903 -1.359193 
ghost: 0.683024 -0.166110 0.430842 0.354996 -0.417696 1.341393 0.122466 0.474903 0.955131 1.061482 0.282778 1.240329 
ghost: 1.629412 1.460439 -2.318925 1.301384 1.208853 -1.408374 1.068854 2.101451 -1.794636 2.007870 1.909327 -1.509438 
ghost: 1.236624 1.260376 -1.019164 0.908597 1.008790 -0.108613 0.676067 1.901388 -0.494875 1.615082 1.709264 -0.209677 
ghost: 0.843837 1.060314 0.280597 0.515809 0.808728 1.191147 0.283279 1.701326 0.804886 1.222295 1.509202 1.090084 
ghost: 2.650183 -0.684679 -2.515872 2.322156 -0.936265 -1.605322 2.089626 -0.043666 -1.991584 3.028642 -0.235791 -1.706386 
ghost: 2.257396 -0.884741 -1.216111 1.929368 -1.136327 -0.305561 1.696838 -0.243729 -0.691823 2.635854 -0.435853 -0.406625 
ghost: 1.864608 -1.084803 0.083650 1.536581 -1.336390 0.994200 1.304051 -0.443791 0.607938 2.243066 -0.635916 0.893136 
ghost: 2.810996 0.541745 -2.666118 2.482969 0.290159 -1.755567 2.250439 1.182757 -2.141829 3.189455 0.990633 -1.856631 
ghost: 2.418209 0.341683 -1.366357 2.090181 0.090096 -0.455806 1.857651 0.982695 -0.842068 2.796667 0.790570 -0.556870 
ghost: 2.025421 0.141620 -0.066596 1.697394 -0.109966 0.843955 1.464864 0.782632 0.457693 2.403879 0.590508 0.742891 
ghost: 2.971809 1.768168 -2.816363 2.643782 1.516582 -1.905813 2.411252 2.409181 -2.292075 3.350268 2.217056 -2.006876 
ghost: 2.579022 1.568106 -1.516602 2.250994 1.316520 -0.606052 2.018464 2.209118 -0.992314 2.957480 2.016994 -0.707115 
ghost: 2.186234 1.368044 -0.216841 1.858207 1.116457 0.693709 1.625677 2.009056 0.307447 2.564692 1.816932 0.592646 
ghost: -1.552813 -0.082813 0.135838 -1.034564 -0.750152 -0.399024 -0.696471 -0.454428 0.494419 -0.681611 0.177905 -0.280135 
ghost: -1.945601 -0.282875 1.435599 -1.427352 -0.950214 0.900737 -1.089259 -0.654490 1.794180 -1.074399 -0.022157 1.019626 
ghost: -2.338388 -0.482937 2.735360 -1.820140 -1.150276 2.200498 -1.482046 -0.854553 3.093941 -1.467186 -0.222220 2.319387 
ghost: -1.392000 1.143611 -0.014408 -0.873751 0.476272 -0.549270 -0.535658 0.771996 0.344173 -0.520798 1.404329 -0.430381 
ghost: -1.784788 0.943548 1.285353 -1.266539 0.276210 0.750491 -0.928446 0.571933 1.643934 -0.913586 1.204266 0.869380 
ghost: -2.177575 0.743486 2.585114 -1.659327 0.076147 2.050252 -1.321233 0.371871 2.943695 -1.306373 1.004204 2.169141 
ghost: -1.231187 2.370034 -0.164653 -0.712938 1.702696 -0.699515 -0.374845 1.998419 0.193928 -0.359985 2.630752 -0.580626 
ghost: -1.623975 2.169972 1.135108 -1.105726 1.502633 0.600246 -0.767633 1.798357 1.493689 -0.752773 2.430690 0.719135 
ghost: -2.016762 1.969910 2.434869 -1.498514 1.302571 1.900007 -1.160420 1.598294 2.793450 -1.145560 2.230627 2.018896 
ghost: -0.210415 0.224917 -0.361601 0.307833 -0.442422 -0.896463 0.645927 -0.146698 -0.003020 0.660787 0.485635 -0.777574 
ghost: -0.603203 0.024855 0.938160 -0.084954 -0.642484 0.403298 0.253139 -0.346761 1.296741 0.267999 0.285573 0.522187 
ghost: -0.995991 -0.175208 2.237921 -0.477742 -0.842547 1.703059 -0.139649 -0.546823 2.596502 -0.124789 0.085510 1.821948 
ghost: -0.049602 1.451341 -0.511846 0.468646 0.784002 -1.046708 0.806740 1.079725 -0.153265 0.821600 1.712059 -0.927819 
ghost: -0.835177 1.051216 2.087676 -0.316929 0.383877 1.552814 0.021165 0.679600 2.446257 0.036024 1.311934 1.671703 
ghost: 0.111211 2.677764 -0.662092 0.629459 2.010425 -1.196953 0.967553 2.306149 -0.303510 0.982413 2.938482 -1.078064 
ghost: -0.281577 2.477702 0.637669 0.236672 1.810363 0.102808 0.574765 2.106086 0.996251 0.589625 2.738420 0.221697 
ghost: -0.674364 2.277639 1.937430 -0.156116 1.610300 1.402568 0.181978 1.906024 2.296012 0.196837 2.538357 1.521458 
ghost: 1.131982 0.532647 -0.859039 1.650231 -0.134692 -1.393901 1.988324 0.161032 -0.500458 2.003184 0.793365 -1.275012 
ghost: 0.739195 0.332584 0.440722 1.257443 -0.334754 -0.094140 1.595537 -0.039031 0.799303 1.610397 0.593302 0.024749 
ghost: 0.346407 0.132522 1.740483 0.864656 -0.534817 1.205621 1.202749 -0.239093 2.099064 1.217609 0.393240 1.324510 
ghost: 1.292795 1.759070 -1.009284 1.811044 1.091732 -1.544146 2.149137 1.387455 -0.650703 2.163997 2.019788 -1.425257 
ghost: 0.900008 1.559008 0.290477 1.418256 0.891669 -0.244385 1.756350 1.187393 0.649058 1.771210 1.819726 -0.125496 
ghost: 0.507220 1.358946 1.590238 1.025469 0.691607 1.055376 1.363562 0.987330 1.948819 1.378422 1.619663 1.174265 
ghost: 1.453608 2.985494 -1.159530 1.971857 2.318155 -1.694392 2.309950 2.613879 -0.800949 2.324810 3.246212 -1.575503 
ghost: 1.060821 2.785431 0.140231 1.579069 2.118093 -0.394631 1.917163 2.413816 0.498812 1.932023 3.046149 -0.275742 
ghost: 0.668033 2.585369 1.439992 1.186282 1.918030 0.905130 1.524375 2.213754 1.798573 1.539235 2.846087 1.024019 
ghost: -1.263601 -0.877677 -0.356175 -0.690174 -0.940116 -1.173048 -0.432874 -1.434192 -0.342575 -0.366146 -0.436854 -0.371966 
ghost: -1.656388 -1.077740 0.943586 -1.082961 -1.140178 0.126713 -0.825662 -1.634254 0.957186 -0.758933 -0.636916 0.927795 
ghost: -2.049176 -1.277802 2.243347 -1.475749 -1.340241 1.426474 -1.218450 -1.834317 2.256947 -1.151721 -0.836979 2.227556 
ghost: -1.102788 0.348746 -0.506420 -0.529361 0.286308 -1.323294 -0.272061 -0.207768 -0.492820 -0.205333 0.789570 -0.522211 
ghost: -1.495575 0.148684 0.793341 -0.922148 0.086245 -0.023533 -0.664849 -0.407831 0.806941 -0.598120 0.589507 0.777550 
ghost: -1.888363 -0.051378 2.093102 -1.314936 -0.113817 1.276228 -1.057637 -0.607893 2.106702 -0.990908 0.389445 2.077311 
ghost: -0.941975 1.575170 -0.656666 -0.368548 1.512731 -1.473539 -0.111248 1.018655 -0.643066 -0.044520 2.015993 -0.672457 
ghost: -1.334762 1.375108 0.643095 -0.761335 1.312669 -0.173778 -0.504036 0.818593 0.656695 -0.437307 1.815931 0.627304 
ghost: -1.727550 1.175045 1.942856 -1.154123 1.112606 1.125983 -0.896824 0.618530 1.956456 -0.830095 1.615868 1.927065 
ghost: 0.078797 -0.569947 -0.853613 0.652224 -0.632386 -1.670487 0.909523 -1.126462 -0.840013 0.976252 -0.129124 -0.869404 
ghost: -0.313991 -0.770010 0.446148 0.259437 -0.832449 -0.370726 0.516736 -1.326525 0.459748 0.583464 -0.329186 0.430357 
ghost: -0.706778 -0.970072 1.745909 -0.133351 -1.032511 0.929035 0.123948 -1.526587 1.759509 0.190677 -0.529249 1.730118 
ghost: 0.239610 0.656476 -1.003858 0.813037 0.594037 -1.820732 1.070336 0.099961 -0.990259 1.137065 1.097300 -1.019650 
ghost: -0.545965 0.256351 1.595664 0.027462 0.193912 0.778790 0.284761 -0.300163 1.609263 0.351490 0.697175 1.579872 
ghost: 0.400423 1.882900 -1.154104 0.973850 1.820461 -1.970977 1.231149 1.326385 -1.140504 1.297878 2.323723 -1.169895 
ghost: 0.007635 1.682837 0.145657 0.581063 1.620398 -0.671217 0.838362 1.126322 0.159257 0.905090 2.123661 0.129866 
ghost: -0.385152 1.482775 1.445418 0.188275 1.420336 0.628544 0.445574 0.926260 1.459018 0.512303 1.923598 1.429627 
ghost: 1.421194 -0.262218 -1.351051 1.994622 -0.324657 -2.167925 2.251921 -0.818732 -1.337451 2.318649 0.178606 -1.366842 
ghost: 1.028407 -0.462280 -0.051290 1.601834 -0.524719 -0.868164 1.859133 -1.018795 -0.037690 1.925862 -0.021457 -0.067081 
ghost: 0.635619 -0.662342 1.248471 1.209047 -0.724781 0.431597 1.466346 -1.218857 1.262071 1.533074 -0.221519 1.232680 
ghost: 1.582007 0.964206 -1.501297 2.155435 0.901767 -2.318170 2.412734 0.407691 -1.487697 2.479462 1.405029 -1.517088 
ghost: 1.189220 0.764143 -0.201536 1.762647 0.701705 -1.018409 2.019946 0.207629 -0.187936 2.086675 1.204967 -0.217327 
ghost: 0.796432 0.564081 1.098225 1.369860 0.501642 0.281352 1.627159 0.007566 1.111825 1.693887 1.004904 1.082434 
ghost: 1.742820 2.190629 -1.651542 2.316248 2.128191 -2.468416 2.573547 1.634115 -1.637942 2.640275 2.631453 -1.667333 
ghost: 1.350033 1.990567 -0.351781 1.923460 1.928128 -1.168655 2.180759 1.434052 -0.338181 2.247488 2.431390 -0.367572 
ghost: 0.957245 1.790505 0.947980 1.530673 1.728066 0.131106 1.787972 1.233990 0.961580 1.854700 2.231328 0.932189 
