1.600311 -0.107090 -0.174193 
-0.133675 2.009896 -0.257197 
-0.131568 -0.242573 1.491384 
particle: 0.010026 2.006524 0.380240 0.336315 2.468976 -0.444183 -0.170466 1.610239 -0.519972 0.759143 1.611358 -0.151425 
particle: 0.861149 0.382606 -0.095857 1.374199 -0.317886 0.400218 1.821822 0.215422 -0.317568 1.127773 -0.463174 -0.557991 
particle: -0.323598 -0.015867 0.469369 -0.056965 0.925092 0.677941 0.039850 0.572605 -0.252854 0.642865 0.240918 0.472651 
particle: 1.265774 0.444510 0.421452 1.151892 0.368186 1.412010 1.572956 -0.379188 0.898067 0.595247 -0.193550 0.799966 
ghost: -1.325043 0.346291 -0.679754 -0.998754 0.808743 -1.504177 -1.505534 -0.049994 -1.579965 -0.575926 -0.048875 -1.211419 
ghost: -1.456610 0.103718 0.811630 -1.130321 0.566170 -0.012793 -1.637102 -0.292567 -0.088581 -0.707493 -0.291449 0.279965 
ghost: -1.588178 -0.138856 2.303014 -1.261889 0.323596 1.478591 -1.768670 -0.535141 1.402802 -0.839061 -0.534022 1.771349 
ghost: -1.458717 2.356187 -0.936950 -1.132429 2.818639 -1.761374 -1.639209 1.959902 -1.837162 -0.709601 1.961021 -1.468615 
ghost: -1.590285 2.113614 0.554433 -1.263996 2.576066 -0.269990 -1.770777 1.717329 -0.345778 -0.841168 1.718448 0.022769 
ghost: -1.721853 1.871040 2.045817 -1.395564 2.333492 1.221394 -1.902344 1.474755 1.145606 -0.972736 1.475874 1.514152 
ghost: -1.592392 4.366083 -1.194147 -1.266103 4.828535 -2.018570 -1.772884 3.969798 -2.094358 -0.843275 3.970917 -1.725812 
ghost: -1.723960 4.123510 0.297237 -1.397671 4.585962 -0.527187 -1.904452 3.727225 -0.602975 -0.974843 3.728344 -0.234428 
ghost: -1.855527 3.880937 1.788621 -1.529238 4.343388 0.964197 -2.036019 3.484651 0.888409 -1.106411 3.485770 1.256956 
ghost: 0.275268 0.239202 -0.853947 0.601557 0.701654 -1.678371 0.094777 -0.157084 -1.754159 1.024385 -0.155965 -1.385612 
ghost: 0.143701 -0.003372 0.637437 0.469990 0.459080 -0.186987 -0.036791 -0.399657 -0.262775 0.892818 -0.398538 0.105772 
ghost: 0.012133 -0.245945 2.128820 0.338422 0.216507 1.304397 -0.168359 -0.642231 1.228609 0.761250 -0.641112 1.597156 
ghost: 0.141594 2.249098 -1.111144 0.467882 2.711550 -1.935567 -0.038898 1.852813 -2.011355 0.890710 1.853931 -1.642809 
ghost: -0.121542 1.763951 1.871624 0.204747 2.226403 1.047200 -0.302033 1.367666 0.971412 0.627575 1.368784 1.339959 
ghost: 0.007919 4.258994 -1.368341 0.334208 4.721446 -2.192764 -0.172573 3.862709 -2.268552 0.757036 3.863828 -1.900005 
ghost: -0.123649 4.016420 0.123043 0.202640 4.478872 -0.701380 -0.304141 3.620135 -0.777168 0.625468 3.621254 -0.408622 
ghost: -0.255216 3.773847 1.614427 0.071073 4.236299 0.790004 -0.435708 3.377562 0.714216 0.493900 3.378681 1.082762 
ghost: 1.875579 0.132112 -1.028141 2.201868 0.594564 -1.852564 1.695088 -0.264173 -1.928352 2.624696 -0.263054 -1.559806 
ghost: 1.744012 -0.110461 0.463243 2.070301 0.351990 -0.361180 1.563520 -0.506747 -0.436968 2.493129 -0.505628 -0.068422 
ghost: 1.612444 -0.353035 1.954627 1.938733 0.109417 1.130204 1.431952 -0.749320 1.054415 2.361561 -0.748201 1.422962 
ghost: 1.741905 2.142008 -1.285337 2.068193 2.604460 -2.109761 1.561413 1.745723 -2.185549 2.491021 1.746842 -1.817002 
ghost: 1.610337 1.899435 0.206046 1.936626 2.361887 -0.618377 1.429845 1.503149 -0.694165 2.359454 1.504268 -0.325618 
ghost: 1.478769 1.656861 1.697430 1.805058 2.119313 0.873007 1.298278 1.260576 0.797219 2.227886 1.261695 1.165765 
ghost: 1.608230 4.151904 -1.542534 1.934519 4.614356 -2.366957 1.427738 3.755619 -2.442745 2.357347 3.756738 -2.074199 
ghost: 1.476662 3.909331 -0.051150 1.802951 4.371783 -0.875574 1.296170 3.513046 -0.951362 2.225779 3.514164 -0.582815 
ghost: 1.345095 3.666757 1.440234 1.671383 4.129209 0.615810 1.164603 3.270472 0.540022 2.094211 3.271591 0.908569 
ghost: -0.473920 -1.277627 -1.155850 0.039131 -1.978119 -0.659776 0.486754 -1.444811 -1.377562 -0.207296 -2.123407 -1.617985 
ghost: -0.605487 -1.520200 0.335533 -0.092437 -2.220692 0.831608 0.355186 -1.687385 0.113822 -0.338863 -2.365980 -0.126601 
ghost: -0.737055 -1.762774 1.826917 -0.224004 -2.463266 2.322992 0.223619 -1.929958 1.605206 -0.470431 -2.608554 1.364783 
ghost: -0.607594 0.732269 -1.413047 -0.094544 0.031777 -0.916972 0.353079 0.565085 -1.634758 -0.340971 -0.113510 -1.875182 
ghost: -0.739162 0.489696 0.078337 -0.226112 -0.210796 0.574412 0.221511 0.322511 -0.143374 -0.472538 -0.356084 -0.383798 
ghost: -0.870730 0.247122 1.569721 -0.357679 -0.453370 2.065795 0.089944 0.079938 1.348009 -0.604106 -0.598657 1.107586 
ghost: -0.741269 2.742165 -1.670244 -0.228219 2.041673 -1.174169 0.219404 2.574981 -1.891955 -0.474645 1.896386 -2.132378 
ghost: -0.872837 2.499592 -0.178860 -0.359786 1.799100 0.317215 0.087837 2.332407 -0.400571 -0.606213 1.653812 -0.640995 
ghost: -1.004404 2.257018 1.312524 -0.491354 1.556526 1.808599 -0.043731 2.089834 1.090813 -0.737781 1.411239 0.850389 
ghost: 1.126391 -1.384716 -1.330044 1.639442 -2.085208 -0.833969 2.087065 -1.551901 -1.551755 1.393015 -2.230496 -1.792178 
ghost: 0.994824 -1.627290 0.161340 1.507874 -2.327782 0.657415 1.955497 -1.794474 -0.060371 1.261448 -2.473070 -0.300795 
ghost: 0.863256 -1.869863 1.652724 1.376307 -2.570355 2.148799 1.823930 -2.037048 1.431013 1.129880 -2.715643 1.190589 
ghost: 0.992717 0.625180 -1.587241 1.505767 -0.075312 -1.091166 1.953390 0.457995 -1.808952 1.259340 -0.220600 -2.049375 
ghost: 0.729581 0.140033 1.395527 1.242632 -0.560459 1.891602 1.690255 -0.027152 1.173816 0.996205 -0.705747 0.933392 
ghost: 0.859042 2.635076 -1.844437 1.372092 1.934584 -1.348362 1.819715 2.467891 -2.066148 1.125665 1.789296 -2.306572 
ghost: 0.727474 2.392502 -0.353053 1.240525 1.692010 0.143021 1.688148 2.225318 -0.574765 0.994098 1.546723 -0.815188 
ghost: 0.595907 2.149929 1.138330 1.108957 1.449437 1.634405 1.556580 1.982744 0.916619 0.862530 1.304149 0.676196 
ghost: 2.726702 -1.491806 -1.504237 3.239753 -2.192298 -1.008163 3.687376 -1.658990 -1.725949 2.993326 -2.337586 -1.966372 
ghost: 2.595135 -1.734379 -0.012854 3.108185 -2.434871 0.483221 3.555808 -1.901564 -0.234565 2.861759 -2.580159 -0.474988 
ghost: 2.463567 -1.976953 1.478530 2.976618 -2.677445 1.974605 3.424241 -2.144137 1.256819 2.730191 -2.822733 1.016396 
ghost: 2.593028 0.518090 -1.761434 3.106078 -0.182402 -1.265359 3.553701 0.350906 -1.983145 2.859651 -0.327690 -2.223569 
ghost: 2.461460 0.275517 -0.270050 2.974510 -0.424975 0.226025 3.422133 0.108332 -0.491761 2.728084 -0.570263 -0.732185 
ghost: 2.329892 0.032943 1.221334 2.842943 -0.667549 1.717408 3.290566 -0.134241 0.999622 2.596516 -0.812837 0.759199 
ghost: 2.459353 2.527986 -2.018631 2.972403 1.827494 -1.522556 3.420026 2.360802 -2.240342 2.725976 1.682206 -2.480765 
ghost: 2.327785 2.285413 -0.527247 2.840836 1.584921 -0.031172 3.288459 2.118228 -0.748958 2.594409 1.439633 -0.989381 
ghost: 2.196218 2.042839 0.964137 2.709268 1.342347 1.460212 3.156891 1.875655 0.742426 2.462841 1.197059 0.502002 
ghost: -1.658667 -1.676100 -0.590625 -1.392034 -0.735141 -0.382053 -1.295218 -1.087628 -1.312848 -0.692204 -1.419315 -0.587343 
ghost: -1.790234 -1.918674 0.900759 -1.523602 -0.977714 1.109331 -1.426786 -1.330202 0.178536 -0.823772 -1.661888 0.904041 
ghost: -1.921802 -2.161247 2.392143 -1.655169 -1.220288 2.600715 -1.558353 -1.572775 1.669920 -0.955339 -1.904462 2.395425 
ghost: -1.792342 0.333796 -0.847821 -1.525709 1.274755 -0.639249 -1.428893 0.922268 -1.570044 -0.825879 0.590581 -0.844539 
ghost: -1.923909 0.091222 0.643562 -1.657276 1.032182 0.852134 -1.560461 0.679694 -0.078661 -0.957446 0.348008 0.646845 
ghost: -2.055477 -0.151351 2.134946 -1.788844 0.789608 2.343518 -1.692028 0.437121 1.412723 -1.089014 0.105434 2.138228 
ghost: -1.926016 2.343692 -1.105018 -1.659384 3.284651 -0.896446 -1.562568 2.932164 -1.827241 -0.959554 2.600477 -1.101736 
ghost: -2.057584 2.101118 0.386366 -1.790951 3.042078 0.594938 -1.694135 2.689590 -0.335857 -1.091121 2.357904 0.389648 
ghost: -2.189152 1.858545 1.877749 -1.922519 2.799504 2.086322 -1.825703 2.447017 1.155527 -1.222689 2.115330 1.881032 
ghost: -0.058356 -1.783190 -0.764818 0.208277 -0.842230 -0.556246 0.305093 -1.194718 -1.487041 0.908107 -1.526404 -0.761536 
ghost: -0.189923 -2.025763 0.726565 0.076709 -1.084804 0.935138 0.173525 -1.437291 0.004343 0.776539 -1.768978 0.729848 
ghost: -0.321491 -2.268337 2.217949 -0.054858 -1.327377 2.426521 0.041958 -1.679865 1.495726 0.644972 -2.011551 2.221232 
ghost: -0.192031 0.226706 -1.022015 0.074602 1.167666 -0.813443 0.171418 0.815178 -1.744238 0.774432 0.483492 -1.018733 
ghost: -0.455166 -0.258441 1.960753 -0.188533 0.682519 2.169325 -0.091717 0.330031 1.238530 0.511297 -0.001655 1.964035 
ghost: -0.325705 2.236602 -1.279212 -0.059073 3.177562 -1.070640 0.037743 2.825074 -2.001435 0.640757 2.493388 -1.275929 
ghost: -0.457273 1.994029 0.212172 -0.190640 2.934988 0.420744 -0.093824 2.582501 -0.510051 0.509190 2.250814 0.215454 
ghost: -0.588841 1.751455 1.703556 -0.322208 2.692415 1.912128 -0.225392 2.339927 0.981333 0.377622 2.008241 1.706838 
ghost: 1.541955 -1.890279 -0.939012 1.808588 -0.949320 -0.730440 1.905404 -1.301808 -1.661235 2.508418 -1.633494 -0.935730 
ghost: 1.410388 -2.132853 0.552372 1.677020 -1.191894 0.760944 1.773836 -1.544381 -0.169851 2.376850 -1.876068 0.555654 
ghost: 1.278820 -2.375426 2.043756 1.545453 -1.434467 2.252328 1.642269 -1.786955 1.321533 2.245283 -2.118641 2.047038 
ghost: 1.408280 0.119617 -1.196208 1.674913 1.060576 -0.987636 1.771729 0.708089 -1.918431 2.374743 0.376402 -1.192926 
ghost: 1.276713 -0.122957 0.295175 1.543346 0.818003 0.503747 1.640161 0.465515 -0.427048 2.243176 0.133829 0.298458 
ghost: 1.145145 -0.365530 1.786559 1.411778 0.575429 1.995131 1.508594 0.222942 1.064336 2.111608 -0.108745 1.789841 
ghost: 1.274606 2.129513 -1.453405 1.541238 3.070472 -1.244833 1.638054 2.717985 -2.175628 2.241068 2.386298 -1.450123 
ghost: 1.143038 1.886939 0.037979 1.409671 2.827899 0.246551 1.506487 2.475411 -0.684244 2.109501 2.143725 0.041261 
ghost: 1.011470 1.644366 1.529362 1.278103 2.585325 1.737935 1.374919 2.232838 0.807140 1.977933 1.901151 1.532645 
ghost: -0.069294 -1.215723 -0.638541 -0.183176 -1.292047 0.352017 0.237888 -2.039421 -0.161927 -0.739821 -1.853783 -0.260028 
ghost: -0.200862 -1.458296 0.852842 -0.314744 -1.534621 1.843401 0.106320 -2.281994 1.329457 -0.871389 -2.096357 1.231356 
ghost: -0.332429 -1.700870 2.344226 -0.446311 -1.777194 3.334784 -0.025248 -2.524568 2.820841 -1.002957 -2.338930 2.722740 
ghost: -0.202969 0.794173 -0.895738 -0.316851 0.717849 0.094820 0.104213 -0.029524 -0.419124 -0.873496 0.156113 -0.517225 
ghost: -0.334537 0.551600 0.595646 -0.448419 0.475276 1.586204 -0.027355 -0.272098 1.072260 -1.005064 -0.086461 0.974159 
ghost: -0.466104 0.309026 2.087030 -0.579986 0.232702 3.077588 -0.158922 -0.514671 2.563644 -1.136631 -0.329034 2.465543 
ghost: -0.336644 2.804069 -1.152935 -0.450526 2.727745 -0.162377 -0.029462 1.980372 -0.676320 -1.007171 2.166009 -0.774421 
ghost: -0.468211 2.561496 0.338449 -0.582094 2.485172 1.329007 -0.161030 1.737798 0.815064 -1.138739 1.923436 0.716962 
ghost: -0.599779 2.318922 1.829833 -0.713661 2.242598 2.820391 -0.292597 1.495225 2.306447 -1.270306 1.680862 2.208346 
ghost: 1.531017 -1.322812 -0.812735 1.417135 -1.399137 0.177823 1.838199 -2.146510 -0.336120 0.860490 -1.960873 -0.434222 
ghost: 1.399449 -1.565386 0.678649 1.285567 -1.641710 1.669207 1.706631 -2.389084 1.155263 0.728922 -2.203446 1.057162 
ghost: 1.267882 -1.807959 2.170033 1.154000 -1.884284 3.160591 1.575063 -2.631657 2.646647 0.597354 -2.446020 2.548546 
ghost: 1.397342 0.687084 -1.069932 1.283460 0.610759 -0.079373 1.704524 -0.136614 -0.593317 0.726815 0.049023 -0.691418 
ghost: 1.134207 0.201937 1.912836 1.020325 0.125612 2.903394 1.441389 -0.621761 2.389451 0.463680 -0.436124 2.291349 
ghost: 1.263667 2.696980 -1.327128 1.149785 2.620656 -0.336570 1.570849 1.873282 -0.850514 0.593140 2.058920 -0.948615 
ghost: 1.132100 2.454406 0.164256 1.018217 2.378082 1.154814 1.439281 1.630709 0.640870 0.461572 1.816346 0.542769 
ghost: 1.000532 2.211833 1.655639 0.886650 2.135509 2.646198 1.307714 1.388135 2.132254 0.330005 1.573773 2.034153 
ghost: 3.131328 -1.429902 -0.986928 3.017446 -1.506226 0.003630 3.438509 -2.253600 -0.510314 2.460800 -2.067962 -0.608415 
ghost: 2.999760 -1.672476 0.504455 2.885878 -1.748800 1.495014 3.306942 -2.496173 0.981070 2.329233 -2.310536 0.882969 
ghost: 2.868193 -1.915049 1.995839 2.754310 -1.991373 2.986397 3.175374 -2.738747 2.472454 2.197665 -2.553109 2.374353 
ghost: 2.997653 0.579994 -1.244125 2.883771 0.503670 -0.253567 3.304835 -0.243704 -0.767511 2.327126 -0.058066 -0.865612 
ghost: 2.866085 0.337421 0.247259 2.752203 0.261096 1.237817 3.173267 -0.486277 0.723873 2.195558 -0.300640 0.625772 
ghost: 2.734518 0.094847 1.738643 2.620636 0.018523 2.729201 3.041700 -0.728851 2.215257 2.063991 -0.543213 2.117156 
ghost: 2.863978 2.589890 -1.501322 2.750096 2.513566 -0.510764 3.171160 1.766192 -1.024707 2.193451 1.951830 -1.122808 
ghost: 2.732411 2.347317 -0.009938 2.618528 2.270992 0.980620 3.039592 1.523619 0.466677 2.061883 1.709256 0.368575 
ghost: 2.600843 2.104743 1.481446 2.486961 2.028419 2.472004 2.908025 1.281045 1.958060 1.930316 1.466683 1.859959 
