1.157294 0.520652 0.322677 
0.459555 1.505129 -0.176198 
0.300108 -0.144475 1.166877 
particle: 0.925525 1.712902 1.451191 0.454903 1.467838 0.603571 0.843164 0.752596 1.184676 1.447041 1.363549 0.672748 
particle: 0.454880 0.263436 1.597749 0.172890 0.540401 0.679179 0.947998 -0.080064 0.798473 1.031451 0.880813 1.062575 
particle: 0.572819 0.991797 0.029082 1.258265 1.647877 -0.286707 1.299037 1.292692 0.647199 0.571447 1.926460 0.384615 
particle: 0.953196 1.026071 0.403987 0.185069 0.398447 0.530750 1.123641 0.059476 0.595407 0.751718 0.335668 -0.290815 
ghost: -0.991433 -0.168404 0.137836 -1.462054 -0.413467 -0.709784 -1.073793 -1.128709 -0.128680 -0.469916 -0.517757 -0.640607 
ghost: -0.691325 -0.312879 1.304713 -1.161946 -0.557943 0.457093 -0.773685 -1.273185 1.038198 -0.169808 -0.662232 0.526270 
ghost: -0.391217 -0.457355 2.471590 -0.861838 -0.702418 1.623970 -0.473577 -1.417660 2.205075 0.130300 -0.806708 1.693147 
ghost: -0.531878 1.336725 -0.038363 -1.002499 1.091661 -0.885982 -0.614238 0.376420 -0.304878 -0.010361 0.987372 -0.816805 
ghost: -0.231770 1.192249 1.128514 -0.702392 0.947186 0.280895 -0.314130 0.231944 0.861999 0.289747 0.842896 0.350072 
ghost: 0.068338 1.047774 2.295391 -0.402284 0.802710 1.447772 -0.014022 0.087469 2.028876 0.589855 0.698421 1.516949 
ghost: -0.072323 2.841854 -0.214561 -0.542945 2.596790 -1.062181 -0.154683 1.881548 -0.481076 0.449194 2.492501 -0.993004 
ghost: 0.227785 2.697378 0.952316 -0.242837 2.452315 0.104696 0.145425 1.737073 0.685801 0.749302 2.348025 0.173873 
ghost: 0.527893 2.552903 2.119193 0.057271 2.307839 1.271573 0.445532 1.592597 1.852678 1.049409 2.203550 1.340751 
ghost: 0.165862 0.352249 0.460512 -0.304760 0.107185 -0.387107 0.083501 -0.608057 0.193997 0.687378 0.002895 -0.317930 
ghost: 0.465970 0.207773 1.627389 -0.004652 -0.037291 0.779770 0.383609 -0.752532 1.360874 0.987486 -0.141580 0.848947 
ghost: 0.766078 0.063298 2.794266 0.295456 -0.181766 1.946647 0.683717 -0.897008 2.527751 1.287594 -0.286055 2.015824 
ghost: 0.625417 1.857377 0.284314 0.154795 1.612314 -0.563306 0.543056 0.897072 0.017799 1.146933 1.508024 -0.494129 
ghost: 1.225633 1.568426 2.618068 0.755011 1.323363 1.770448 1.143272 0.608121 2.351553 1.747149 1.219073 1.839625 
ghost: 1.084972 3.362506 0.108116 0.614350 3.117442 -0.739504 1.002611 2.402201 -0.158400 1.606488 3.013153 -0.670327 
ghost: 1.385079 3.218031 1.274993 0.914458 2.972967 0.427373 1.302719 2.257725 1.008477 1.906596 2.868677 0.496550 
ghost: 1.685187 3.073555 2.441870 1.214566 2.828491 1.594250 1.602827 2.113250 2.175355 2.206704 2.724202 1.663427 
ghost: 1.323156 0.872901 0.783189 0.852535 0.627837 -0.064431 1.240796 -0.087405 0.516674 1.844673 0.523548 0.004746 
ghost: 1.623264 0.728425 1.950066 1.152643 0.483362 1.102446 1.540904 -0.231880 1.683551 2.144781 0.379072 1.171623 
ghost: 1.923372 0.583950 3.116943 1.452750 0.338886 2.269323 1.841012 -0.376355 2.850428 2.444889 0.234597 2.338500 
ghost: 1.782711 2.378030 0.606990 1.312089 2.132966 -0.240629 1.700351 1.417724 0.340475 2.304228 2.028677 -0.171452 
ghost: 2.082819 2.233554 1.773868 1.612197 1.988491 0.926248 2.000459 1.273249 1.507352 2.604336 1.884201 0.995425 
ghost: 2.382927 2.089079 2.940745 1.912305 1.844015 2.093125 2.300566 1.128773 2.674229 2.904444 1.739726 2.162302 
ghost: 2.242266 3.883158 0.430792 1.771644 3.638095 -0.416827 2.159906 2.922853 0.164277 2.763783 3.533805 -0.347650 
ghost: 2.542374 3.738683 1.597669 2.071752 3.493619 0.750050 2.460013 2.778377 1.331154 3.063891 3.389330 0.819227 
ghost: 2.842482 3.594207 2.764546 2.371860 3.349144 1.916927 2.760121 2.633902 2.498031 3.363998 3.244854 1.986104 
ghost: -1.462077 -1.617870 0.284394 -1.744067 -1.340905 -0.634177 -0.968960 -1.961370 -0.514883 -0.885506 -1.000492 -0.250780 
ghost: -1.161969 -1.762345 1.451271 -1.443959 -1.485380 0.532701 -0.668852 -2.105845 0.651994 -0.585398 -1.144968 0.916097 
ghost: -0.861861 -1.906821 2.618148 -1.143851 -1.629855 1.699578 -0.368744 -2.250321 1.818871 -0.285291 -1.289443 2.082974 
ghost: -1.002522 -0.112741 0.108196 -1.284512 0.164224 -0.810375 -0.509405 -0.456241 -0.691081 -0.425952 0.504636 -0.426978 
ghost: -0.702414 -0.257217 1.275073 -0.984404 0.019749 0.356502 -0.209297 -0.600716 0.475796 -0.125844 0.360161 0.739899 
ghost: -0.402306 -0.401692 2.441950 -0.684297 -0.124727 1.523379 0.090811 -0.745192 1.642673 0.174264 0.215685 1.906776 
ghost: -0.542967 1.392388 -0.068003 -0.824958 1.669353 -0.986573 -0.049850 1.048888 -0.867279 0.033603 2.009765 -0.603177 
ghost: -0.242859 1.247912 1.098874 -0.524850 1.524877 0.180304 0.250258 0.904412 0.299598 0.333711 1.865290 0.563700 
ghost: 0.057249 1.103437 2.265751 -0.224742 1.380402 1.347181 0.550366 0.759937 1.466475 0.633819 1.720814 1.730577 
ghost: -0.304783 -1.097218 0.607070 -0.586773 -0.820252 -0.311500 0.188335 -1.440717 -0.192206 0.271788 -0.479840 0.071896 
ghost: -0.004675 -1.241693 1.773948 -0.286665 -0.964728 0.855377 0.488443 -1.585193 0.974671 0.571896 -0.624315 1.238773 
ghost: 0.295433 -1.386168 2.940825 0.013443 -1.109203 2.022254 0.788551 -1.729668 2.141548 0.872004 -0.768791 2.405650 
ghost: 0.154772 0.407911 0.430872 -0.127218 0.684877 -0.487698 0.647890 0.064411 -0.368404 0.731343 1.025289 -0.104302 
ghost: 0.754988 0.118960 2.764626 0.472998 0.395926 1.846056 1.248106 -0.224540 1.965350 1.331559 0.736338 2.229452 
ghost: 0.614327 1.913040 0.254674 0.332337 2.190005 -0.663897 1.107445 1.569540 -0.544603 1.190898 2.530417 -0.280500 
ghost: 0.914435 1.768564 1.421551 0.632445 2.045530 0.502980 1.407553 1.425065 0.622274 1.491006 2.385942 0.886377 
ghost: 1.214543 1.624089 2.588428 0.932553 1.901054 1.669858 1.707660 1.280589 1.789151 1.791114 2.241467 2.053254 
ghost: 0.852512 -0.576565 0.929747 0.570522 -0.299600 0.011177 1.345629 -0.920065 0.130470 1.429083 0.040812 0.394573 
ghost: 1.152620 -0.721041 2.096624 0.870630 -0.444075 1.178054 1.645737 -1.064541 1.297347 1.729190 -0.103663 1.561450 
ghost: 1.452728 -0.865516 3.263501 1.170738 -0.588551 2.344931 1.945845 -1.209016 2.464225 2.029298 -0.248139 2.728327 
ghost: 1.312067 0.928564 0.753549 1.030077 1.205529 -0.165022 1.805184 0.585064 -0.045728 1.888637 1.545941 0.218375 
ghost: 1.612175 0.784088 1.920426 1.330184 1.061053 1.001855 2.105292 0.440588 1.121149 2.188745 1.401466 1.385252 
ghost: 1.912283 0.639613 3.087303 1.630292 0.916578 2.168732 2.405400 0.296113 2.288026 2.488853 1.256990 2.552129 
ghost: 1.771622 2.433692 0.577350 1.489631 2.710658 -0.341220 2.264739 2.090192 -0.221926 2.348192 3.051070 0.042176 
ghost: 2.071730 2.289217 1.744228 1.789739 2.566182 0.825657 2.564847 1.945717 0.944951 2.648300 2.906594 1.209053 
ghost: 2.371838 2.144741 2.911105 2.089847 2.421707 1.992534 2.864955 1.801241 2.111828 2.948408 2.762119 2.375930 
ghost: -1.344139 -0.889508 -1.284274 -0.658692 -0.233428 -1.600062 -0.617920 -0.588614 -0.666156 -1.345510 0.045154 -0.928741 
ghost: -1.044031 -1.033984 -0.117396 -0.358585 -0.377904 -0.433185 -0.317812 -0.733089 0.500721 -1.045402 -0.099321 0.238137 
ghost: -0.743923 -1.178459 1.049481 -0.058477 -0.522379 0.733692 -0.017704 -0.877565 1.667598 -0.745294 -0.243796 1.405014 
ghost: -0.884584 0.615621 -1.460472 -0.199138 1.271701 -1.776261 -0.158365 0.916515 -0.842355 -0.885955 1.550283 -1.104939 
ghost: -0.584476 0.471145 -0.293595 0.100970 1.127225 -0.609384 0.141743 0.772040 0.324523 -0.585847 1.405808 0.061938 
ghost: -0.284368 0.326670 0.873282 0.401078 0.982750 0.557493 0.441851 0.627564 1.491400 -0.285739 1.261332 1.228815 
ghost: -0.425029 2.120749 -1.636670 0.260417 2.776829 -1.952459 0.301190 2.421644 -1.018553 -0.426400 3.055412 -1.281137 
ghost: -0.124921 1.976274 -0.469793 0.560525 2.632354 -0.785582 0.601298 2.277168 0.148324 -0.126292 2.910937 -0.114260 
ghost: 0.175187 1.831798 0.697084 0.860633 2.487878 0.381295 0.901406 2.132693 1.315201 0.173815 2.766461 1.052617 
ghost: -0.186844 -0.368856 -0.961597 0.498602 0.287224 -1.277386 0.539375 -0.067961 -0.343480 -0.188216 0.565807 -0.606064 
ghost: 0.113264 -0.513331 0.205280 0.798710 0.142749 -0.110509 0.839482 -0.212437 0.823397 0.111892 0.421331 0.560813 
ghost: 0.413372 -0.657807 1.372157 1.098818 -0.001727 1.056368 1.139590 -0.356912 1.990274 0.412000 0.276856 1.727690 
ghost: 0.272711 1.136273 -1.137795 0.958157 1.792353 -1.453584 0.998929 1.437167 -0.519678 0.271339 2.070936 -0.782262 
ghost: 0.872927 0.847322 1.195959 1.558373 1.503402 0.880170 1.599145 1.148217 1.814076 0.871555 1.781985 1.551492 
ghost: 0.732266 2.641402 -1.313994 1.417712 3.297482 -1.629783 1.458484 2.942296 -0.695876 0.730894 3.576064 -0.958461 
ghost: 1.032374 2.496926 -0.147116 1.717820 3.153006 -0.462905 1.758592 2.797821 0.471001 1.031002 3.431589 0.208416 
ghost: 1.332482 2.352451 1.019761 2.017928 3.008531 0.703972 2.058700 2.653345 1.637878 1.331110 3.287113 1.375294 
ghost: 0.970450 0.151796 -0.638920 1.655896 0.807876 -0.954709 1.696669 0.452691 -0.020803 0.969079 1.086459 -0.283387 
ghost: 1.270558 0.007321 0.527957 1.956004 0.663401 0.212168 1.996777 0.308216 1.146074 1.269187 0.941984 0.883490 
ghost: 1.570666 -0.137154 1.694834 2.256112 0.518926 1.379045 2.296885 0.163740 2.312951 1.569295 0.797508 2.050367 
ghost: 1.430005 1.656925 -0.815119 2.115451 2.313005 -1.130908 2.156224 1.957820 -0.197001 1.428634 2.591588 -0.459586 
ghost: 1.730113 1.512450 0.351758 2.415559 2.168530 0.035969 2.456332 1.813344 0.969876 1.728742 2.447112 0.707291 
ghost: 2.030221 1.367974 1.518635 2.715667 2.024054 1.202846 2.756440 1.668869 2.136753 2.028850 2.302637 1.874168 
ghost: 1.889560 3.162054 -0.991317 2.575006 3.818134 -1.307106 2.615779 3.462949 -0.373200 1.888189 4.096717 -0.635784 
ghost: 2.189668 3.017578 0.175560 2.875114 3.673659 -0.140229 2.915887 3.318473 0.793677 2.188296 3.952241 0.531093 
ghost: 2.489776 2.873103 1.342437 3.175222 3.529183 1.026648 3.215995 3.173998 1.960554 2.488404 3.807766 1.697970 
ghost: -0.963761 -0.855235 -0.909368 -1.731888 -1.482859 -0.782606 -0.793316 -1.821830 -0.717948 -1.165240 -1.545637 -1.604170 
ghost: -0.663653 -0.999710 0.257509 -1.431780 -1.627334 0.384271 -0.493208 -1.966305 0.448929 -0.865132 -1.690113 -0.437293 
ghost: -0.363545 -1.144185 1.424386 -1.131672 -1.771810 1.551148 -0.193100 -2.110781 1.615806 -0.565024 -1.834588 0.729584 
ghost: -0.504206 0.649894 -1.085567 -1.272333 0.022270 -0.958804 -0.333761 -0.316701 -0.894146 -0.705685 -0.040509 -1.780369 
ghost: -0.204098 0.505419 0.081311 -0.972225 -0.122205 0.208073 -0.033653 -0.461177 0.272731 -0.405577 -0.184984 -0.613492 
ghost: 0.096010 0.360943 1.248188 -0.672117 -0.266681 1.374950 0.266455 -0.605652 1.439608 -0.105469 -0.329460 0.553385 
ghost: -0.044651 2.155023 -1.261765 -0.812778 1.527399 -1.135002 0.125794 1.188427 -1.070345 -0.246130 1.464620 -1.956567 
ghost: 0.255457 2.010547 -0.094888 -0.512670 1.382923 0.031875 0.425902 1.043952 0.096533 0.053978 1.320145 -0.789690 
ghost: 0.555565 1.866072 1.071989 -0.212563 1.238448 1.198752 0.726010 0.899477 1.263410 0.354086 1.175669 0.377187 
ghost: 0.193534 -0.334582 -0.586692 -0.574594 -0.962206 -0.459929 0.363979 -1.301178 -0.395271 -0.007945 -1.024985 -1.281494 
ghost: 0.493641 -0.479058 0.580185 -0.274486 -1.106682 0.706948 0.664086 -1.445653 0.771606 0.292163 -1.169461 -0.114617 
ghost: 0.793749 -0.623533 1.747062 0.025622 -1.251157 1.873825 0.964194 -1.590129 1.938483 0.592271 -1.313936 1.052260 
ghost: 0.653088 1.170547 -0.762890 -0.115039 0.542922 -0.636128 0.823533 0.203951 -0.571470 0.451610 0.480144 -1.457692 
ghost: 1.253304 0.881596 1.570864 0.485177 0.253972 1.697627 1.423749 -0.085000 1.762284 1.051825 0.191193 0.876062 
ghost: 1.112643 2.675675 -0.939088 0.344516 2.048051 -0.812326 1.283088 1.709080 -0.747668 0.911164 1.985272 -1.633890 
ghost: 1.412751 2.531200 0.227789 0.644624 1.903576 0.354551 1.583196 1.564604 0.419209 1.211272 1.840797 -0.467013 
ghost: 1.712859 2.386724 1.394666 0.944732 1.759100 1.521428 1.883304 1.420129 1.586086 1.511380 1.696321 0.699864 
ghost: 1.350828 0.186070 -0.264015 0.582701 -0.441554 -0.137253 1.521273 -0.780525 -0.072595 1.149349 -0.504333 -0.958817 
ghost: 1.650936 0.041595 0.902862 0.882809 -0.586029 1.029624 1.821381 -0.925001 1.094282 1.449457 -0.648808 0.208060 
ghost: 1.951044 -0.102881 2.069739 1.182917 -0.730505 2.196501 2.121489 -1.069476 2.261159 1.749565 -0.793284 1.374937 
ghost: 1.810383 1.691199 -0.440213 1.042256 1.063575 -0.313451 1.980828 0.724603 -0.248793 1.608904 1.000796 -1.135016 
ghost: 2.110491 1.546723 0.726664 1.342364 0.919099 0.853426 2.280936 0.580128 0.918084 1.909012 0.856321 0.031861 
ghost: 2.410599 1.402248 1.893541 1.642472 0.774624 2.020303 2.581044 0.435653 2.084961 2.209120 0.711845 1.198739 
ghost: 2.269938 3.196328 -0.616412 1.501811 2.568704 -0.489649 2.440383 2.229732 -0.424991 2.068459 2.505925 -1.311214 
ghost: 2.570046 3.051852 0.550465 1.801918 2.424228 0.677228 2.740491 2.085257 0.741886 2.368567 2.361449 -0.144337 
ghost: 2.870154 2.907377 1.717342 2.102026 2.279753 1.844105 3.040599 1.940781 1.908763 2.668675 2.216974 1.022540 
