1.471380 -0.081079 -0.025234 
-0.061314 1.323901 -0.180098 
-0.041672 -0.154531 1.620030 
particle: 0.730322 1.236401 0.062397 1.628058 1.676449 0.041699 1.312473 1.146991 -0.745753 1.560648 0.680628 0.103314 
particle: 0.723530 -0.170112 1.651349 1.057621 0.636567 1.163853 1.538476 -0.235774 1.075545 1.574646 0.270087 1.937401 
particle: 0.050503 0.162469 1.012674 0.228758 0.342705 1.980011 0.941642 -0.061767 1.407123 0.135433 -0.598637 1.655717 
particle: 0.163191 -0.602467 0.403592 0.669238 0.010655 1.010220 -0.058126 0.372452 0.427086 0.802110 0.064668 0.020560 
ghost: -0.638072 0.148109 -1.352301 0.259664 0.588157 -1.372999 -0.055921 0.058699 -2.160451 0.192255 -0.407664 -1.311384 
ghost: -0.679744 -0.006421 0.267729 0.217992 0.433627 0.247031 -0.097593 -0.095831 -0.540421 0.150582 -0.562195 0.308646 
ghost: -0.721417 -0.160952 1.887759 0.176319 0.279096 1.867061 -0.139266 -0.250362 1.079609 0.108910 -0.716725 1.928676 
ghost: -0.699386 1.472010 -1.532399 0.198350 1.912058 -1.553097 -0.117235 1.382600 -2.340549 0.130941 0.916237 -1.491482 
ghost: -0.741058 1.317479 0.087631 0.156677 1.757527 0.066933 -0.158907 1.228069 -0.720519 0.089268 0.761706 0.128548 
ghost: -0.782731 1.162948 1.707661 0.115005 1.602996 1.686963 -0.200580 1.073538 0.899511 0.047596 0.607175 1.748578 
ghost: -0.760700 2.795911 -1.712497 0.137036 3.235959 -1.733195 -0.178549 2.706501 -2.520646 0.069626 2.240138 -1.671580 
ghost: -0.802373 2.641380 -0.092467 0.095363 3.081428 -0.113165 -0.220222 2.551970 -0.900617 0.027954 2.085607 -0.051550 
ghost: -0.844045 2.486849 1.527563 0.053691 2.926897 1.506865 -0.261894 2.397439 0.719413 -0.013719 1.931076 1.568480 
ghost: 0.833309 0.067031 -1.377535 1.731044 0.507079 -1.398233 1.415460 -0.022379 -2.185685 1.663635 -0.488742 -1.336618 
ghost: 0.791636 -0.087500 0.242495 1.689372 0.352548 0.221797 1.373787 -0.176910 -0.565655 1.621963 -0.643273 0.283412 
ghost: 0.749964 -0.242031 1.862525 1.647699 0.198017 1.841827 1.332115 -0.331441 1.054375 1.580290 -0.797804 1.903442 
ghost: 0.771994 1.390932 -1.557633 1.669730 1.830980 -1.578331 1.354145 1.301522 -2.365783 1.602321 0.835159 -1.516716 
ghost: 0.688649 1.081870 1.682427 1.586385 1.521918 1.661729 1.270800 0.992460 0.874277 1.518976 0.526097 1.723344 
ghost: 0.710680 2.714832 -1.737731 1.608416 3.154880 -1.758429 1.292831 2.625422 -2.545880 1.541007 2.159059 -1.696814 
ghost: 0.669008 2.560302 -0.117701 1.566743 3.000349 -0.138399 1.251159 2.470892 -0.925851 1.499334 2.004528 -0.076784 
ghost: 0.627335 2.405771 1.502329 1.525071 2.845819 1.481631 1.209486 2.316361 0.694179 1.457662 1.849998 1.543246 
ghost: 2.304689 -0.014048 -1.402769 3.202425 0.426000 -1.423467 2.886840 -0.103458 -2.210919 3.135015 -0.569821 -1.361852 
ghost: 2.263016 -0.168579 0.217261 3.160752 0.271469 0.196563 2.845167 -0.257989 -0.590889 3.093343 -0.724352 0.258178 
ghost: 2.221344 -0.323110 1.837291 3.119080 0.116938 1.816593 2.803495 -0.412520 1.029141 3.051670 -0.878883 1.878208 
ghost: 2.243375 1.309853 -1.582867 3.141110 1.749901 -1.603565 2.825526 1.220443 -2.391017 3.073701 0.754080 -1.541950 
ghost: 2.201702 1.155322 0.037163 3.099438 1.595370 0.016465 2.783853 1.065912 -0.770987 3.032029 0.599549 0.078080 
ghost: 2.160030 1.000791 1.657193 3.057765 1.440839 1.636495 2.742181 0.911381 0.849043 2.990356 0.445018 1.698110 
ghost: 2.182060 2.633754 -1.762965 3.079796 3.073802 -1.783663 2.764211 2.544344 -2.571114 3.012387 2.077981 -1.722048 
ghost: 2.140388 2.479223 -0.142935 3.038124 2.919271 -0.163633 2.722539 2.389813 -0.951085 2.970714 1.923450 -0.102018 
ghost: 2.098715 2.324692 1.477095 2.996451 2.764740 1.456397 2.680866 2.235282 0.668945 2.929042 1.768919 1.518012 
ghost: -0.644864 -1.258403 0.236651 -0.310773 -0.451724 -0.250846 0.170083 -1.324066 -0.339153 0.206252 -0.818204 0.522703 
ghost: -0.686536 -1.412934 1.856681 -0.352445 -0.606255 1.369184 0.128410 -1.478597 1.280877 0.164580 -0.972735 2.142733 
ghost: -0.728209 -1.567465 3.476711 -0.394118 -0.760786 2.989214 0.086738 -1.633127 2.900907 0.122907 -1.127266 3.762763 
ghost: -0.706178 0.065498 0.056553 -0.372087 0.872177 -0.430943 0.108769 -0.000165 -0.519251 0.144938 0.505697 0.342605 
ghost: -0.747851 -0.089033 1.676583 -0.413759 0.717646 1.189087 0.067096 -0.154696 1.100779 0.103266 0.351166 1.962635 
ghost: -0.789523 -0.243564 3.296613 -0.455432 0.563115 2.809117 0.025424 -0.309227 2.720809 0.061593 0.196635 3.582665 
ghost: -0.767492 1.389399 -0.123545 -0.433401 2.196077 -0.611041 0.047454 1.323736 -0.699348 0.083624 1.829597 0.162508 
ghost: -0.809165 1.234868 1.496485 -0.475074 2.041546 1.008989 0.005782 1.169205 0.920681 0.041952 1.675066 1.782538 
ghost: -0.850837 1.080337 3.116515 -0.516746 1.887016 2.629019 -0.035891 1.014674 2.540711 0.000279 1.520536 3.402567 
ghost: 0.826516 -1.339481 0.211417 1.160608 -0.532803 -0.276080 1.641463 -1.405144 -0.364387 1.677633 -0.899283 0.497469 
ghost: 0.784844 -1.494012 1.831447 1.118935 -0.687334 1.343950 1.599791 -1.559675 1.255643 1.635960 -1.053814 2.117499 
ghost: 0.743171 -1.648543 3.451477 1.077263 -0.841865 2.963980 1.558118 -1.714206 2.875673 1.594288 -1.208345 3.737529 
ghost: 0.765202 -0.015581 0.031319 1.099293 0.791098 -0.456177 1.580149 -0.081244 -0.544485 1.616319 0.424618 0.317371 
ghost: 0.681857 -0.324642 3.271379 1.015948 0.482036 2.783883 1.496804 -0.390305 2.695575 1.532974 0.115556 3.557431 
ghost: 0.703888 1.308320 -0.148779 1.037979 2.114999 -0.636275 1.518835 1.242657 -0.724582 1.555004 1.748519 0.137274 
ghost: 0.662215 1.153789 1.471251 0.996307 1.960468 0.983755 1.477162 1.088126 0.895447 1.513332 1.593988 1.757304 
ghost: 0.620543 0.999258 3.091281 0.954634 1.805937 2.603785 1.435490 0.933595 2.515477 1.471659 1.439457 3.377333 
ghost: 2.297896 -1.420560 0.186183 2.631988 -0.613881 -0.301314 3.112843 -1.486223 -0.389621 3.149013 -0.980361 0.472235 
ghost: 2.256224 -1.575091 1.806213 2.590315 -0.768412 1.318716 3.071171 -1.640754 1.230409 3.107340 -1.134892 2.092265 
ghost: 2.214551 -1.729622 3.426243 2.548643 -0.922943 2.938746 3.029498 -1.795285 2.850439 3.065668 -1.289423 3.712295 
ghost: 2.236582 -0.096659 0.006085 2.570674 0.710019 -0.481411 3.051529 -0.162322 -0.569719 3.087699 0.343539 0.292137 
ghost: 2.194910 -0.251190 1.626115 2.529001 0.555488 1.138619 3.009857 -0.316853 1.050311 3.046026 0.189008 1.912167 
ghost: 2.153237 -0.405721 3.246145 2.487329 0.400958 2.758649 2.968184 -0.471384 2.670341 3.004354 0.034478 3.532197 
ghost: 2.175268 1.227242 -0.174013 2.509359 2.033920 -0.661509 2.990215 1.161579 -0.749816 3.026385 1.667440 0.112040 
ghost: 2.133596 1.072711 1.446017 2.467687 1.879389 0.958521 2.948542 1.007048 0.870213 2.984712 1.512909 1.732070 
ghost: 2.091923 0.918180 3.066047 2.426014 1.724858 2.578551 2.906870 0.852517 2.490243 2.943040 1.358378 3.352099 
ghost: -1.317890 -0.925822 -0.402024 -1.139635 -0.745587 0.565312 -0.426752 -1.150058 -0.007575 -1.232960 -1.686928 0.241018 
ghost: -1.359563 -1.080353 1.218006 -1.181308 -0.900118 2.185342 -0.468424 -1.304589 1.612455 -1.274633 -1.841459 1.861048 
ghost: -1.401235 -1.234884 2.838036 -1.222980 -1.054649 3.805372 -0.510097 -1.459120 3.232485 -1.316305 -1.995990 3.481078 
ghost: -1.379204 0.398079 -0.582122 -1.200949 0.578314 0.385215 -0.488066 0.173842 -0.187673 -1.294274 -0.363027 0.060921 
ghost: -1.420877 0.243548 1.037908 -1.242622 0.423783 2.005245 -0.529738 0.019312 1.432357 -1.335947 -0.517558 1.680951 
ghost: -1.462549 0.089017 2.657938 -1.284294 0.269252 3.625275 -0.571411 -0.135219 3.052387 -1.377619 -0.672089 3.300981 
ghost: -1.440519 1.721980 -0.762220 -1.262263 1.902215 0.205117 -0.549380 1.497743 -0.367770 -1.355588 0.960873 -0.119177 
ghost: -1.482191 1.567449 0.857810 -1.303936 1.747684 1.825147 -0.591053 1.343212 1.252260 -1.397261 0.806342 1.500853 
ghost: -1.523864 1.412918 2.477840 -1.345608 1.593153 3.445177 -0.632725 1.188681 2.872289 -1.438933 0.651812 3.120883 
ghost: 0.153490 -1.006901 -0.427258 0.331745 -0.826665 0.540078 1.044629 -1.231137 -0.032809 0.238420 -1.768007 0.215784 
ghost: 0.111818 -1.161431 1.192772 0.290073 -0.981196 2.160108 1.002956 -1.385668 1.587221 0.196748 -1.922538 1.835814 
ghost: 0.070145 -1.315962 2.812802 0.248400 -1.135727 3.780138 0.961284 -1.540199 3.207251 0.155075 -2.077069 3.455844 
ghost: 0.092176 0.317000 -0.607356 0.270431 0.497235 0.359981 0.983314 0.092764 -0.212907 0.177106 -0.444106 0.035687 
ghost: 0.008831 0.007938 2.632704 0.187086 0.188174 3.600041 0.899969 -0.216298 3.027153 0.093761 -0.753168 3.275747 
ghost: 0.030862 1.640901 -0.787454 0.209117 1.821136 0.179883 0.922000 1.416665 -0.393004 0.115792 0.879795 -0.144411 
ghost: -0.010811 1.486370 0.832576 0.167444 1.666605 1.799913 0.880328 1.262134 1.227026 0.074119 0.725264 1.475619 
ghost: -0.052483 1.331839 2.452606 0.125772 1.512074 3.419943 0.838655 1.107603 2.847055 0.032447 0.570733 3.095649 
ghost: 1.624870 -1.087979 -0.452492 1.803125 -0.907744 0.514844 2.516009 -1.312216 -0.058043 1.709800 -1.849086 0.190550 
ghost: 1.583198 -1.242510 1.167538 1.761453 -1.062275 2.134874 2.474336 -1.466746 1.561987 1.668128 -2.003616 1.810580 
ghost: 1.541525 -1.397041 2.787568 1.719780 -1.216806 3.754904 2.432664 -1.621277 3.182017 1.626455 -2.158147 3.430610 
ghost: 1.563556 0.235922 -0.632590 1.741811 0.416157 0.334747 2.454695 0.011685 -0.238141 1.648486 -0.525185 0.010453 
ghost: 1.521884 0.081391 0.987440 1.700139 0.261626 1.954777 2.413022 -0.142846 1.381889 1.606814 -0.679716 1.630483 
ghost: 1.480211 -0.073140 2.607470 1.658466 0.107095 3.574807 2.371350 -0.297377 3.001919 1.565141 -0.834247 3.250513 
ghost: 1.502242 1.559822 -0.812688 1.680497 1.740058 0.154649 2.393380 1.335586 -0.418238 1.587172 0.798716 -0.169645 
ghost: 1.460569 1.405292 0.807342 1.638825 1.585527 1.774679 2.351708 1.181055 1.201792 1.545499 0.644185 1.450385 
ghost: 1.418897 1.250761 2.427372 1.597152 1.430996 3.394709 2.310035 1.026524 2.821821 1.503827 0.489654 3.070415 
ghost: -1.205203 -1.690758 -1.011107 -0.699156 -1.077636 -0.404478 -1.426519 -0.715839 -0.987612 -0.566283 -1.023623 -1.394138 
ghost: -1.246875 -1.845289 0.608923 -0.740829 -1.232167 1.215552 -1.468192 -0.870370 0.632418 -0.607956 -1.178154 0.225892 
ghost: -1.288548 -1.999820 2.228953 -0.782501 -1.386698 2.835582 -1.509864 -1.024901 2.252448 -0.649628 -1.332685 1.845922 
ghost: -1.266517 -0.366857 -1.191204 -0.760470 0.246264 -0.584575 -1.487833 0.608062 -1.167710 -0.627597 0.300278 -1.574236 
ghost: -1.308189 -0.521388 0.428826 -0.802143 0.091734 1.035454 -1.529506 0.453531 0.452320 -0.669270 0.145747 0.045794 
ghost: -1.349862 -0.675919 2.048855 -0.843815 -0.062797 2.655484 -1.571178 0.299000 2.072350 -0.710942 -0.008784 1.665824 
ghost: -1.327831 0.957043 -1.371302 -0.821784 1.570165 -0.764673 -1.549147 1.931962 -1.347808 -0.688912 1.624178 -1.754333 
ghost: -1.369504 0.802513 0.248728 -0.863457 1.415634 0.855357 -1.590820 1.777432 0.272222 -0.730584 1.469648 -0.134303 
ghost: -1.411176 0.647982 1.868758 -0.905129 1.261103 2.475387 -1.632492 1.622901 1.892252 -0.772257 1.315117 1.485726 
ghost: 0.266178 -1.771837 -1.036341 0.772224 -1.158715 -0.429712 0.044861 -0.796918 -1.012846 0.905097 -1.104702 -1.419372 
ghost: 0.224505 -1.926368 0.583689 0.730552 -1.313246 1.190318 0.003189 -0.951449 0.607184 0.863425 -1.259233 0.200658 
ghost: 0.182833 -2.080898 2.203719 0.688879 -1.467777 2.810348 -0.038484 -1.105979 2.227214 0.821752 -1.413764 1.820688 
ghost: 0.204863 -0.447936 -1.216438 0.710910 0.165186 -0.609809 -0.016453 0.526983 -1.192944 0.843783 0.219199 -1.599470 
ghost: 0.121518 -0.756998 2.023621 0.627565 -0.143876 2.630250 -0.099798 0.217921 2.047116 0.760438 -0.089863 1.640590 
ghost: 0.143549 0.875965 -1.396536 0.649596 1.489087 -0.789907 -0.077767 1.850884 -1.373042 0.782469 1.543100 -1.779567 
ghost: 0.101877 0.721434 0.223494 0.607923 1.334556 0.830123 -0.119440 1.696353 0.246988 0.740796 1.388569 -0.159538 
ghost: 0.060204 0.566903 1.843524 0.566251 1.180025 2.450153 -0.161112 1.541822 1.867018 0.699124 1.234038 1.460492 
ghost: 1.737558 -1.852915 -1.061575 2.243604 -1.239794 -0.454946 1.516241 -0.877996 -1.038080 2.376477 -1.185780 -1.444606 
ghost: 1.695885 -2.007446 0.558455 2.201932 -1.394325 1.165084 1.474569 -1.032527 0.581950 2.334805 -1.340311 0.175424 
ghost: 1.654213 -2.161977 2.178485 2.160259 -1.548855 2.785114 1.432896 -1.187058 2.201980 2.293132 -1.494842 1.795454 
ghost: 1.676244 -0.529015 -1.241672 2.182290 0.084107 -0.635043 1.454927 0.445904 -1.218178 2.315163 0.138120 -1.624704 
ghost: 1.634571 -0.683545 0.378358 2.140618 -0.070424 0.984986 1.413255 0.291374 0.401852 2.273491 -0.016411 -0.004674 
ghost: 1.592899 -0.838076 1.998387 2.098945 -0.224955 2.605016 1.371582 0.136843 2.021882 2.231818 -0.170941 1.615356 
ghost: 1.614929 0.794886 -1.421770 2.120976 1.408008 -0.815141 1.393613 1.769805 -1.398276 2.253849 1.462021 -1.804801 
ghost: 1.573257 0.640355 0.198260 2.079304 1.253477 0.804889 1.351941 1.615274 0.221754 2.212176 1.307490 -0.184772 
ghost: 1.531584 0.485824 1.818290 2.037631 1.098946 2.424919 1.310268 1.460743 1.841784 2.170504 1.152959 1.435258 
