1.412075 -0.061920 0.090673 
-0.028408 1.185752 -0.133334 
0.074663 -0.112514 1.396444 
particle: 0.680880 1.144023 0.040083 1.574156 1.584546 0.129509 1.411356 0.929421 -0.608262 1.473314 0.611713 0.337900 
particle: 0.843303 -0.053962 1.660793 1.086355 0.642020 0.985119 1.534680 -0.251643 0.965869 1.736702 0.393325 1.702893 
particle: 0.224058 0.387686 0.836184 0.362794 0.362216 1.826186 1.035774 -0.055941 1.216069 0.135924 -0.476631 1.331348 
particle: 0.315598 -0.495426 0.143957 0.688837 -0.106020 0.986012 -0.113473 0.308251 0.556270 0.783649 0.387996 0.121744 
ghost: -0.777450 0.132705 -1.313700 0.115827 0.573227 -1.224273 -0.046974 -0.081898 -1.962045 0.014984 -0.399606 -1.015883 
ghost: -0.702786 0.020191 0.082744 0.190490 0.460714 0.172171 0.027689 -0.194412 -0.565601 0.089647 -0.512119 0.380562 
ghost: -0.628123 -0.092323 1.479188 0.265153 0.348200 1.568615 0.102352 -0.306925 0.830843 0.164310 -0.624633 1.777006 
ghost: -0.805858 1.318457 -1.447034 0.087419 1.758980 -1.357608 -0.075382 1.103855 -2.095379 -0.013424 0.786147 -1.149217 
ghost: -0.731194 1.205943 -0.050590 0.162082 1.646466 0.038837 -0.000719 0.991341 -0.698935 0.061239 0.673633 0.247227 
ghost: -0.656531 1.093429 1.345854 0.236745 1.533952 1.435281 0.073945 0.878827 0.697509 0.135902 0.561119 1.643672 
ghost: -0.834266 2.504210 -1.580369 0.059011 2.944732 -1.490942 -0.103790 2.289607 -2.228713 -0.041832 1.971899 -1.282551 
ghost: -0.759602 2.391696 -0.183924 0.133674 2.832219 -0.094498 -0.029127 2.177093 -0.832269 0.032831 1.859386 0.113893 
ghost: -0.684939 2.279182 1.212520 0.208337 2.719705 1.301947 0.045537 2.064580 0.564175 0.107494 1.746872 1.510337 
ghost: 0.634625 0.070785 -1.223027 1.527901 0.511308 -1.133601 1.365101 -0.143818 -1.871372 1.427059 -0.461525 -0.925210 
ghost: 0.709288 -0.041729 0.173417 1.602564 0.398794 0.262844 1.439764 -0.256331 -0.474928 1.501722 -0.574039 0.471234 
ghost: 0.783951 -0.154243 1.569861 1.677228 0.286280 1.659288 1.514427 -0.368845 0.921516 1.576385 -0.686553 1.867679 
ghost: 0.606217 1.256537 -1.356362 1.499493 1.697060 -1.266935 1.336693 1.041935 -2.004706 1.398651 0.724227 -1.058544 
ghost: 0.755543 1.031510 1.436527 1.648820 1.472033 1.525954 1.486019 0.816907 0.788182 1.547977 0.499200 1.734344 
ghost: 0.577809 2.442290 -1.489696 1.471085 2.882813 -1.400269 1.308285 2.227687 -2.138041 1.370243 1.909980 -1.191878 
ghost: 0.652472 2.329776 -0.093252 1.545749 2.770299 -0.003825 1.382948 2.115174 -0.741596 1.444906 1.797466 0.204566 
ghost: 0.727135 2.217262 1.303193 1.620412 2.657785 1.392619 1.457611 2.002660 0.654848 1.519569 1.684952 1.601010 
ghost: 2.046700 0.008865 -1.132355 2.939976 0.449388 -1.042928 2.777176 -0.205737 -1.780699 2.839133 -0.523445 -0.834537 
ghost: 2.121363 -0.103649 0.264090 3.014639 0.336874 0.353517 2.851839 -0.318251 -0.384255 2.913796 -0.635959 0.561907 
ghost: 2.196026 -0.216163 1.660534 3.089302 0.224360 1.749961 2.926502 -0.430765 1.012189 2.988459 -0.748473 1.958351 
ghost: 2.018292 1.194617 -1.265689 2.911568 1.635140 -1.176262 2.748768 0.980015 -1.914034 2.810725 0.662307 -0.967871 
ghost: 2.092955 1.082104 0.130755 2.986231 1.522626 0.220182 2.823431 0.867501 -0.517589 2.885388 0.549793 0.428573 
ghost: 2.167618 0.969590 1.527200 3.060894 1.410113 1.616627 2.898094 0.754987 0.878855 2.960052 0.437280 1.825017 
ghost: 1.989884 2.380370 -1.399023 2.883160 2.820893 -1.309596 2.720360 2.165767 -2.047368 2.782317 1.848060 -1.101205 
ghost: 2.064547 2.267856 -0.002579 2.957823 2.708379 0.086848 2.795023 2.053254 -0.650923 2.856980 1.735546 0.295239 
ghost: 2.139210 2.155342 1.393865 3.032486 2.595865 1.483292 2.869686 1.940740 0.745521 2.931644 1.623032 1.691683 
ghost: -0.615027 -1.065281 0.307010 -0.371975 -0.369299 -0.368664 0.076350 -1.262962 -0.387914 0.278372 -0.617994 0.349110 
ghost: -0.540364 -1.177794 1.703454 -0.297312 -0.481813 1.027781 0.151013 -1.375476 1.008530 0.353035 -0.730508 1.745554 
ghost: -0.465701 -1.290308 3.099898 -0.222649 -0.594326 2.424225 0.225677 -1.487989 2.404975 0.427698 -0.843022 3.141998 
ghost: -0.643435 0.120472 0.173676 -0.400383 0.816454 -0.501998 0.047942 -0.077209 -0.521248 0.249964 0.567758 0.215776 
ghost: -0.568772 0.007958 1.570120 -0.325720 0.703940 0.894446 0.122605 -0.189723 0.875196 0.324627 0.455244 1.612220 
ghost: -0.494109 -0.104556 2.966564 -0.251057 0.591426 2.290891 0.197269 -0.302237 2.271640 0.399290 0.342731 3.008664 
ghost: -0.671843 1.306224 0.040342 -0.428791 2.002206 -0.635332 0.019534 1.108543 -0.654582 0.221556 1.753511 0.082442 
ghost: -0.597180 1.193711 1.436786 -0.354128 1.889692 0.761112 0.094197 0.996029 0.741862 0.296219 1.640997 1.478886 
ghost: -0.522517 1.081197 2.833230 -0.279465 1.777179 2.157556 0.168861 0.883516 2.138306 0.370882 1.528483 2.875330 
ghost: 0.797047 -1.127200 0.397683 1.040100 -0.431219 -0.277991 1.488425 -1.324882 -0.297241 1.690447 -0.679914 0.439783 
ghost: 0.871710 -1.239714 1.794127 1.114763 -0.543732 1.118453 1.563088 -1.437395 1.099203 1.765110 -0.792428 1.836227 
ghost: 0.946374 -1.352228 3.190571 1.189426 -0.656246 2.514898 1.637751 -1.549909 2.495647 1.839773 -0.904942 3.232671 
ghost: 0.768639 0.058552 0.264349 1.011692 0.754534 -0.411325 1.460017 -0.139129 -0.430575 1.662039 0.505838 0.306449 
ghost: 0.917966 -0.166476 3.057237 1.161018 0.529506 2.381563 1.609343 -0.364157 2.362313 1.811365 0.280811 3.099337 
ghost: 0.740231 1.244305 0.131014 0.983284 1.940286 -0.544659 1.431609 1.046623 -0.563909 1.633631 1.691591 0.173114 
ghost: 0.814895 1.131791 1.527459 1.057947 1.827773 0.851785 1.506272 0.934110 0.832535 1.708294 1.579077 1.569559 
ghost: 0.889558 1.019277 2.923903 1.132610 1.715259 2.248229 1.580935 0.821596 2.228979 1.782957 1.466563 2.966003 
ghost: 2.209122 -1.189120 0.488356 2.452174 -0.493138 -0.187318 2.900500 -1.386802 -0.206568 3.102521 -0.741834 0.530456 
ghost: 2.283785 -1.301634 1.884800 2.526837 -0.605652 1.209126 2.975163 -1.499315 1.189876 3.177185 -0.854348 1.926900 
ghost: 2.358448 -1.414148 3.281244 2.601500 -0.718166 2.605571 3.049826 -1.611829 2.586320 3.251848 -0.966862 3.323344 
ghost: 2.180714 -0.003368 0.355021 2.423766 0.692614 -0.320652 2.872092 -0.201049 -0.339902 3.074114 0.443918 0.397121 
ghost: 2.255377 -0.115882 1.751466 2.498429 0.580100 1.075792 2.946755 -0.313563 1.056542 3.148777 0.331405 1.793566 
ghost: 2.330040 -0.228395 3.147910 2.573093 0.467586 2.472236 3.021418 -0.426077 2.452986 3.223440 0.218891 3.190010 
ghost: 2.152306 1.182385 0.221687 2.395358 1.878367 -0.453986 2.843684 0.984703 -0.473237 3.045706 1.629671 0.263787 
ghost: 2.226969 1.069871 1.618131 2.470021 1.765853 0.942458 2.918347 0.872190 0.923208 3.120369 1.517157 1.660231 
ghost: 2.301632 0.957357 3.014576 2.544685 1.653339 2.338902 2.993010 0.759676 2.319652 3.195032 1.404643 3.056676 
ghost: -1.234272 -0.623632 -0.517598 -1.095536 -0.649102 0.472403 -0.422556 -1.067259 -0.137714 -1.322406 -1.487950 -0.022434 
ghost: -1.159609 -0.736146 0.878846 -1.020873 -0.761616 1.868848 -0.347893 -1.179773 1.258731 -1.247743 -1.600464 1.374010 
ghost: -1.084946 -0.848660 2.275290 -0.946210 -0.874130 3.265292 -0.273230 -1.292287 2.655175 -1.173080 -1.712978 2.770454 
ghost: -1.262680 0.562120 -0.650933 -1.123944 0.536650 0.339069 -0.450964 0.118493 -0.271048 -1.350814 -0.302198 -0.155769 
ghost: -1.188017 0.449606 0.745512 -1.049281 0.424136 1.735513 -0.376301 0.005979 1.125397 -1.276151 -0.414711 1.240676 
ghost: -1.113354 0.337092 2.141956 -0.974618 0.311622 3.131958 -0.301638 -0.106534 2.521841 -1.201488 -0.527225 2.637120 
ghost: -1.291088 1.747872 -0.784267 -1.152352 1.722403 0.205735 -0.479372 1.304246 -0.404382 -1.379222 0.883555 -0.289103 
ghost: -1.216425 1.635359 0.612177 -1.077689 1.609889 1.602179 -0.404709 1.191732 0.992062 -1.304559 0.771041 1.107341 
ghost: -1.141762 1.522845 2.008622 -1.003026 1.497375 2.998623 -0.330046 1.079218 2.388507 -1.229896 0.658527 2.503786 
ghost: 0.177803 -0.685552 -0.426926 0.316539 -0.711022 0.563076 0.989519 -1.129179 -0.047041 0.089669 -1.549870 0.068238 
ghost: 0.252466 -0.798066 0.969519 0.391202 -0.823536 1.959521 1.064182 -1.241693 1.349404 0.164332 -1.662384 1.464683 
ghost: 0.327129 -0.910580 2.365963 0.465865 -0.936050 3.355965 1.138845 -1.354207 2.745848 0.238995 -1.774898 2.861127 
ghost: 0.149395 0.500200 -0.560260 0.288131 0.474730 0.429742 0.961111 0.056573 -0.180375 0.061261 -0.364118 -0.065096 
ghost: 0.298721 0.275173 2.232629 0.437457 0.249703 3.222631 1.110437 -0.168454 2.612514 0.210587 -0.589145 2.727793 
ghost: 0.120987 1.685953 -0.693594 0.259723 1.660483 0.296408 0.932703 1.242326 -0.313709 0.032853 0.821635 -0.198430 
ghost: 0.195650 1.573439 0.702850 0.334386 1.547969 1.692852 1.007366 1.129812 1.082735 0.107516 0.709121 1.198014 
ghost: 0.270313 1.460925 2.099294 0.409049 1.435455 3.089296 1.082029 1.017298 2.479179 0.182179 0.596607 2.594458 
ghost: 1.589878 -0.747472 -0.336253 1.728613 -0.772942 0.653749 2.401593 -1.191099 0.043632 1.501743 -1.611790 0.158911 
ghost: 1.664541 -0.859986 1.060192 1.803277 -0.885456 2.050193 2.476257 -1.303613 1.440076 1.576407 -1.724304 1.555356 
ghost: 1.739204 -0.972500 2.456636 1.877940 -0.997970 3.446638 2.550920 -1.416127 2.836521 1.651070 -1.836817 2.951800 
ghost: 1.561470 0.438280 -0.469587 1.700205 0.412810 0.520415 2.373185 -0.005347 -0.089702 1.473335 -0.426037 0.025577 
ghost: 1.636133 0.325767 0.926857 1.774869 0.300297 1.916859 2.447849 -0.117860 1.306742 1.547999 -0.538551 1.422021 
ghost: 1.710796 0.213253 2.323302 1.849532 0.187783 3.313303 2.522512 -0.230374 2.703186 1.622662 -0.651065 2.818466 
ghost: 1.533062 1.624033 -0.602921 1.671797 1.598563 0.387081 2.344778 1.180406 -0.223036 1.444928 0.759715 -0.107757 
ghost: 1.607725 1.511519 0.793523 1.746461 1.486049 1.783525 2.419441 1.067892 1.173408 1.519591 0.647201 1.288687 
ghost: 1.682388 1.399005 2.189967 1.821124 1.373535 3.179969 2.494104 0.955378 2.569852 1.594254 0.534688 2.685131 
ghost: -1.142732 -1.506745 -1.209826 -0.769493 -1.117339 -0.367771 -1.571803 -0.703068 -0.797513 -0.674680 -0.623323 -1.232039 
ghost: -1.068069 -1.619258 0.186618 -0.694830 -1.229853 1.028673 -1.497140 -0.815581 0.598931 -0.600017 -0.735837 0.164405 
ghost: -0.993406 -1.731772 1.583063 -0.620167 -1.342367 2.425117 -1.422476 -0.928095 1.995375 -0.525354 -0.848350 1.560850 
ghost: -1.171140 -0.320992 -1.343160 -0.797901 0.068413 -0.501105 -1.600211 0.482685 -0.930847 -0.703088 0.562430 -1.365373 
ghost: -1.096477 -0.433506 0.053284 -0.723238 -0.044101 0.895339 -1.525547 0.370171 0.465597 -0.628425 0.449916 0.031071 
ghost: -1.021814 -0.546020 1.449728 -0.648575 -0.156614 2.291783 -1.450884 0.257657 1.862041 -0.553762 0.337402 1.427516 
ghost: -1.199548 0.864760 -1.476494 -0.826309 1.254166 -0.634440 -1.628619 1.668437 -1.064181 -0.731496 1.748182 -1.498707 
ghost: -1.124885 0.752247 -0.080050 -0.751646 1.141652 0.762005 -1.553955 1.555924 0.332263 -0.656833 1.635668 -0.102263 
ghost: -1.050222 0.639733 1.316394 -0.676983 1.029138 2.158449 -1.479292 1.443410 1.728707 -0.582170 1.523155 1.294181 
ghost: 0.269342 -1.568664 -1.119153 0.642582 -1.179259 -0.277098 -0.159728 -0.764987 -0.706840 0.737394 -0.685243 -1.141366 
ghost: 0.344006 -1.681178 0.277291 0.717245 -1.291773 1.119346 -0.085065 -0.877501 0.689604 0.812057 -0.797756 0.255078 
ghost: 0.418669 -1.793692 1.673736 0.791908 -1.404287 2.515790 -0.010402 -0.990015 2.086048 0.886720 -0.910270 1.651523 
ghost: 0.240935 -0.382912 -1.252487 0.614174 0.006493 -0.410433 -0.188136 0.420765 -0.840174 0.708986 0.500510 -1.274700 
ghost: 0.390261 -0.607940 1.540401 0.763500 -0.218534 2.382456 -0.038810 0.195738 1.952714 0.858313 0.275482 1.518188 
ghost: 0.212527 0.802841 -1.385821 0.585766 1.192246 -0.543767 -0.216544 1.606518 -0.973509 0.680578 1.686262 -1.408034 
ghost: 0.287190 0.690327 0.010623 0.660429 1.079732 0.852677 -0.141881 1.494004 0.422936 0.755241 1.573749 -0.011590 
ghost: 0.361853 0.577813 1.407067 0.735092 0.967218 2.249122 -0.067218 1.381490 1.819380 0.829905 1.461235 1.384854 
ghost: 1.681417 -1.630584 -1.028480 2.054657 -1.241179 -0.186426 1.252347 -0.826907 -0.616167 2.149469 -0.747162 -1.050693 
ghost: 1.756080 -1.743098 0.367964 2.129320 -1.353693 1.210019 1.327010 -0.939421 0.780277 2.224132 -0.859676 0.345751 
ghost: 1.830743 -1.855612 1.764408 2.203983 -1.466206 2.606463 1.401673 -1.051935 2.176721 2.298795 -0.972190 1.742195 
ghost: 1.653009 -0.444832 -1.161814 2.026249 -0.055426 -0.319760 1.223939 0.358845 -0.749502 2.121061 0.438590 -1.184027 
ghost: 1.727672 -0.557346 0.234630 2.100912 -0.167940 1.076684 1.298602 0.246331 0.646943 2.195724 0.326076 0.212417 
ghost: 1.802335 -0.669859 1.631074 2.175575 -0.280454 2.473129 1.373265 0.133818 2.043387 2.270387 0.213562 1.608861 
ghost: 1.624601 0.740921 -1.295148 1.997841 1.130326 -0.453094 1.195531 1.544598 -0.882836 2.092653 1.624343 -1.317361 
ghost: 1.699264 0.628407 0.101296 2.072504 1.017812 0.943350 1.270194 1.432084 0.513608 2.167316 1.511829 0.079083 
ghost: 1.773927 0.515893 1.497740 2.147167 0.905298 2.339795 1.344857 1.319570 1.910053 2.241979 1.399315 1.475527 
