0.939824 0.443755 0.378151 
0.466332 1.329985 -0.091407 
0.469859 -0.030944 1.203391 
particle: 1.018317 1.751215 1.516784 0.699424 1.374833 0.646932 0.978353 0.760714 1.385212 1.664323 1.302372 0.899358 
particle: 0.562676 0.425630 1.517797 0.099899 0.399394 0.631710 0.958646 -0.096123 0.762164 0.957594 0.903455 0.733116 
particle: 0.540242 0.770664 0.160366 1.308304 1.361585 -0.086399 1.163460 1.102484 0.868529 0.532267 1.736043 0.421093 
particle: 0.897747 0.960904 0.432031 0.034699 0.494389 0.625711 0.896661 -0.010798 0.668240 0.536160 0.289497 -0.214859 
ghost: -0.857698 0.008419 0.026651 -1.176591 -0.367963 -0.843202 -0.897661 -0.982082 -0.104922 -0.211692 -0.440424 -0.590776 
ghost: -0.387839 -0.022524 1.230041 -0.706732 -0.398907 0.360189 -0.427802 -1.013025 1.098468 0.258168 -0.471368 0.612615 
ghost: 0.082021 -0.053468 2.433432 -0.236872 -0.429850 1.563579 0.042058 -1.043969 2.301859 0.728027 -0.502312 1.816005 
ghost: -0.391366 1.338404 -0.064757 -0.710259 0.962022 -0.934609 -0.431330 0.347903 -0.196330 0.254640 0.889560 -0.682183 
ghost: 0.078493 1.307460 1.138634 -0.240400 0.931078 0.268781 0.038530 0.316960 1.007061 0.724499 0.858617 0.521207 
ghost: 0.548352 1.276517 2.342025 0.229459 0.900135 1.472172 0.508389 0.286016 2.210452 1.194358 0.827673 1.724598 
ghost: 0.074965 2.668389 -0.156164 -0.243928 2.292006 -1.026017 0.035002 1.677888 -0.287737 0.720971 2.219545 -0.773590 
ghost: 0.544824 2.637445 1.047227 0.225931 2.261063 0.177374 0.504861 1.646945 0.915654 1.190831 2.188602 0.429800 
ghost: 1.014684 2.606502 2.250617 0.695791 2.230119 1.380765 0.974721 1.616001 2.119044 1.660690 2.157658 1.633191 
ghost: 0.082126 0.452174 0.404801 -0.236767 0.075791 -0.465052 0.042163 -0.538327 0.273228 0.728132 0.003330 -0.212625 
ghost: 0.551985 0.421230 1.608192 0.233092 0.044848 0.738339 0.512022 -0.569270 1.476619 1.197991 -0.027613 0.990765 
ghost: 1.021844 0.390287 2.811582 0.702951 0.013904 1.941730 0.981881 -0.600214 2.680009 1.667851 -0.058557 2.194156 
ghost: 0.548457 1.782159 0.313394 0.229564 1.405776 -0.556459 0.508494 0.791658 0.181821 1.194463 1.333315 -0.304033 
ghost: 1.488176 1.720272 2.720175 1.169283 1.343889 1.850323 1.448213 0.729771 2.588602 2.134182 1.271428 2.102749 
ghost: 1.014789 3.112144 0.221987 0.695896 2.735761 -0.647866 0.974826 2.121643 0.090414 1.660795 2.663300 -0.395440 
ghost: 1.484648 3.081200 1.425377 1.165755 2.704818 0.555525 1.444685 2.090699 1.293804 2.130654 2.632356 0.807951 
ghost: 1.954507 3.050256 2.628768 1.635614 2.673874 1.758915 1.914544 2.059756 2.497195 2.600514 2.601413 2.011341 
ghost: 1.021949 0.895928 0.782952 0.703056 0.519546 -0.086901 0.981986 -0.094572 0.651379 1.667956 0.447085 0.165525 
ghost: 1.491809 0.864985 1.986342 1.172916 0.488603 1.116490 1.451846 -0.125516 1.854769 2.137815 0.416141 1.368916 
ghost: 1.961668 0.834041 3.189733 1.642775 0.457659 2.319880 1.921705 -0.156459 3.058160 2.607674 0.385198 2.572306 
ghost: 1.488281 2.225913 0.691544 1.169388 1.849531 -0.178308 1.448318 1.235413 0.559971 2.134287 1.777070 0.074118 
ghost: 1.958140 2.194970 1.894935 1.639247 1.818587 1.025082 1.918177 1.204469 1.763362 2.604146 1.746126 1.277509 
ghost: 2.427999 2.164026 3.098326 2.109107 1.787644 2.228473 2.388036 1.173526 2.966753 3.074006 1.715183 2.480899 
ghost: 1.954612 3.555898 0.600137 1.635719 3.179516 -0.269715 1.914649 2.565398 0.468564 2.600619 3.107055 -0.017289 
ghost: 2.424472 3.524955 1.803528 2.105579 3.148572 0.933675 2.384509 2.534454 1.671955 3.070478 3.076111 1.186101 
ghost: 2.894331 3.494011 3.006918 2.575438 3.117629 2.137066 2.854368 2.503511 2.875345 3.540337 3.045168 2.389492 
ghost: -1.313339 -1.317166 0.027663 -1.776115 -1.343402 -0.858424 -0.917369 -1.838919 -0.727970 -0.918421 -0.839341 -0.757018 
ghost: -0.843479 -1.348109 1.231054 -1.306256 -1.374346 0.344967 -0.447509 -1.869862 0.475421 -0.448562 -0.870285 0.446373 
ghost: -0.373620 -1.379053 2.434444 -0.836396 -1.405289 1.548358 0.022350 -1.900806 1.678811 0.021298 -0.901228 1.649764 
ghost: -0.847007 0.012819 -0.063744 -1.309784 -0.013417 -0.949831 -0.451037 -0.508934 -0.819377 -0.452089 0.490644 -0.848425 
ghost: -0.377148 -0.018124 1.139646 -0.839924 -0.044361 0.253560 0.018822 -0.539877 0.384013 0.017770 0.459700 0.354966 
ghost: 0.092711 -0.049068 2.343037 -0.370065 -0.075304 1.456950 0.488681 -0.570821 1.587404 0.487629 0.428757 1.558357 
ghost: -0.380676 1.342804 -0.155151 -0.843452 1.316567 -1.041238 0.015294 0.821051 -0.910785 0.014242 1.820628 -0.939832 
ghost: 0.089184 1.311860 1.048239 -0.373593 1.285624 0.162152 0.485154 0.790107 0.292606 0.484102 1.789685 0.263559 
ghost: 0.559043 1.280917 2.251630 0.096267 1.254680 1.365543 0.955013 0.759164 1.495997 0.953961 1.758741 1.466949 
ghost: -0.373515 -0.873411 0.405814 -0.836291 -0.899648 -0.480273 0.022455 -1.395164 -0.349820 0.021403 -0.395587 -0.378867 
ghost: 0.096344 -0.904355 1.609204 -0.366432 -0.930591 0.723117 0.492314 -1.426108 0.853571 0.491262 -0.426530 0.824524 
ghost: 0.566203 -0.935298 2.812595 0.103427 -0.961535 1.926508 0.962174 -1.457051 2.056962 0.961121 -0.457474 2.027914 
ghost: 0.092816 0.456574 0.314406 -0.369960 0.430337 -0.571680 0.488786 -0.065179 -0.441227 0.487734 0.934398 -0.470274 
ghost: 1.032535 0.394687 2.721188 0.569759 0.368450 1.835101 1.428505 -0.127066 1.965554 1.427453 0.872511 1.936507 
ghost: 0.559148 1.786559 0.222999 0.096372 1.760322 -0.663088 0.955118 1.264806 -0.532634 0.954066 2.264383 -0.561681 
ghost: 1.029007 1.755615 1.426390 0.566231 1.729379 0.540303 1.424977 1.233862 0.670757 1.423925 2.233440 0.641709 
ghost: 1.498867 1.724672 2.629780 1.036090 1.698435 1.743694 1.894837 1.202919 1.874147 1.893784 2.202496 1.845100 
ghost: 0.566308 -0.429656 0.783964 0.103532 -0.455893 -0.102123 0.962279 -0.951409 0.028331 0.961226 0.048168 -0.000716 
ghost: 1.036168 -0.460600 1.987355 0.573392 -0.486836 1.101268 1.432138 -0.982353 1.231722 1.431086 0.017225 1.202674 
ghost: 1.506027 -0.491543 3.190745 1.043251 -0.517780 2.304659 1.901997 -1.013296 2.435112 1.900945 -0.013719 2.406065 
ghost: 1.032640 0.900329 0.692557 0.569864 0.874092 -0.193530 1.428610 0.378575 -0.063076 1.427558 1.378153 -0.092124 
ghost: 1.502499 0.869385 1.895948 1.039723 0.843148 1.009861 1.898469 0.347632 1.140314 1.897417 1.347209 1.111267 
ghost: 1.972359 0.838441 3.099338 1.509582 0.812205 2.213251 2.368329 0.316688 2.343705 2.367277 1.316266 2.314658 
ghost: 1.498972 2.230313 0.601150 1.036195 2.204077 -0.284937 1.894942 1.708560 -0.154484 1.893889 2.708138 -0.183531 
ghost: 1.968831 2.199370 1.804540 1.506055 2.173133 0.918454 2.364801 1.677617 1.048907 2.363749 2.677194 1.019860 
ghost: 2.438690 2.168426 3.007931 1.975914 2.142190 2.121844 2.834660 1.646673 2.252298 2.833608 2.646251 2.223250 
ghost: -1.335772 -0.972132 -1.329768 -0.567710 -0.381211 -1.576533 -0.712555 -0.640312 -0.621605 -1.343747 -0.006753 -1.069041 
ghost: -0.865913 -1.003076 -0.126377 -0.097851 -0.412155 -0.373142 -0.242695 -0.671255 0.581786 -0.873888 -0.037696 0.134349 
ghost: -0.396054 -1.034019 1.077013 0.372008 -0.443098 0.830248 0.227164 -0.702199 1.785176 -0.404028 -0.068640 1.337740 
ghost: -0.869441 0.357853 -1.421175 -0.101379 0.948774 -1.667940 -0.246223 0.689673 -0.713012 -0.877415 1.323232 -1.160449 
ghost: -0.399581 0.326909 -0.217784 0.368481 0.917830 -0.464549 0.223636 0.658730 0.490378 -0.407556 1.292289 0.042942 
ghost: 0.070278 0.295965 0.985606 0.838340 0.886887 0.738841 0.693496 0.627786 1.693769 0.062303 1.261345 1.246333 
ghost: -0.403109 1.687837 -1.512582 0.364953 2.278758 -1.759347 0.220108 2.019658 -0.804420 -0.411084 2.653217 -1.251856 
ghost: 0.066750 1.656894 -0.309192 0.834812 2.247815 -0.555957 0.689968 1.988715 0.398971 0.058775 2.622274 -0.048465 
ghost: 0.536609 1.625950 0.894199 1.304671 2.216871 0.647434 1.159827 1.957771 1.602362 0.528635 2.591330 1.154926 
ghost: -0.395949 -0.528378 -0.951617 0.372113 0.062543 -1.198382 0.227269 -0.196557 -0.243454 -0.403923 0.437002 -0.690891 
ghost: 0.073911 -0.559321 0.251773 0.841973 0.031600 0.005008 0.697128 -0.227500 0.959936 0.065936 0.406059 0.512500 
ghost: 0.543770 -0.590265 1.455164 1.311832 0.000656 1.208399 1.166988 -0.258444 2.163327 0.535795 0.375115 1.715891 
ghost: 0.070383 0.801607 -1.043025 0.838445 1.392528 -1.289790 0.693601 1.133428 -0.334862 0.062408 1.766987 -0.782298 
ghost: 1.010101 0.739720 1.363757 1.778164 1.330641 1.116992 1.633319 1.071541 2.071920 1.002127 1.705100 1.624483 
ghost: 0.536714 2.131592 -1.134432 1.304776 2.722513 -1.381197 1.159932 2.463413 -0.426269 0.528740 3.096972 -0.873705 
ghost: 1.006574 2.100649 0.068959 1.774636 2.691570 -0.177806 1.629791 2.432469 0.777122 0.998599 3.066028 0.329685 
ghost: 1.476433 2.069705 1.272349 2.244495 2.660626 1.025584 2.099651 2.401526 1.980512 1.468458 3.035085 1.533076 
ghost: 0.543875 -0.084623 -0.573467 1.311937 0.506298 -0.820232 1.167093 0.247198 0.134696 0.535900 0.880757 -0.312740 
ghost: 1.013734 -0.115566 0.629924 1.781796 0.475355 0.383159 1.636952 0.216254 1.338087 1.005760 0.849813 0.890650 
ghost: 1.483594 -0.146510 1.833315 2.251656 0.444411 1.586550 2.106811 0.185311 2.541477 1.475619 0.818870 2.094041 
ghost: 1.010206 1.245362 -0.664874 1.778269 1.836283 -0.911639 1.633424 1.577183 0.043289 1.002232 2.210742 -0.404147 
ghost: 1.480066 1.214418 0.538517 2.248128 1.805339 0.291752 2.103284 1.546239 1.246679 1.472091 2.179798 0.799243 
ghost: 1.949925 1.183475 1.741907 2.717987 1.774396 1.495142 2.573143 1.515296 2.450070 1.941950 2.148855 2.002634 
ghost: 1.476538 2.575347 -0.756281 2.244600 3.166268 -1.003046 2.099756 2.907168 -0.048118 1.468563 3.540727 -0.495555 
ghost: 1.946397 2.544403 0.447109 2.714459 3.135324 0.200344 2.569615 2.876224 1.155272 1.938423 3.509783 0.707836 
ghost: 2.416257 2.513460 1.650500 3.184319 3.104381 1.403735 3.039474 2.845281 2.358663 2.408282 3.478839 1.911227 
ghost: -0.978267 -0.781892 -1.058102 -1.841315 -1.248407 -0.864423 -0.979354 -1.753594 -0.821894 -1.339854 -1.453299 -1.704992 
ghost: -0.508408 -0.812835 0.145288 -1.371456 -1.279350 0.338967 -0.509494 -1.784537 0.381496 -0.869995 -1.484243 -0.501602 
ghost: -0.038548 -0.843779 1.348679 -0.901597 -1.310294 1.542358 -0.039635 -1.815481 1.584887 -0.400136 -1.515186 0.701789 
ghost: -0.511935 0.548093 -1.149510 -1.374984 0.081578 -0.955831 -0.513022 -0.423609 -0.913302 -0.873523 -0.123314 -1.796400 
ghost: -0.042076 0.517149 0.053881 -0.905124 0.050634 0.247560 -0.043163 -0.454552 0.290089 -0.403664 -0.154258 -0.593009 
ghost: 0.427783 0.486206 1.257272 -0.435265 0.019691 1.450951 0.426697 -0.485496 1.493480 0.066196 -0.185201 0.610382 
ghost: -0.045604 1.878078 -1.240917 -0.908652 1.411563 -1.047238 -0.046691 0.906376 -1.004709 -0.407191 1.206671 -1.887807 
ghost: 0.424255 1.847134 -0.037526 -0.438793 1.380619 0.156153 0.423169 0.875433 0.198682 0.062668 1.175727 -0.684416 
ghost: 0.894115 1.816191 1.165864 0.031067 1.349676 1.359543 0.893028 0.844489 1.402072 0.532527 1.144784 0.518974 
ghost: -0.038443 -0.338137 -0.679952 -0.901492 -0.804652 -0.486273 -0.039530 -1.309839 -0.443744 -0.400031 -1.009544 -1.326842 
ghost: 0.431416 -0.369081 0.523439 -0.431632 -0.835596 0.717118 0.430329 -1.340783 0.759647 0.069828 -1.040488 -0.123451 
ghost: 0.901275 -0.400024 1.726829 0.038227 -0.866539 1.920508 0.900189 -1.371726 1.963038 0.539688 -1.071432 1.079939 
ghost: 0.427888 0.991848 -0.771359 -0.435160 0.525333 -0.577680 0.426802 0.020146 -0.535151 0.066301 0.320440 -1.418249 
ghost: 1.367607 0.929961 1.635422 0.504559 0.463446 1.829101 1.366520 -0.041741 1.871630 1.006019 0.258553 0.988532 
ghost: 0.894220 2.321833 -0.862766 0.031172 1.855317 -0.669087 0.893133 1.350131 -0.626558 0.532632 1.650425 -1.509656 
ghost: 1.364079 2.290889 0.340624 0.501031 1.824374 0.534303 1.362992 1.319187 0.576832 1.002492 1.619482 -0.306266 
ghost: 1.833938 2.259946 1.544015 0.970890 1.793430 1.737694 1.832852 1.288244 1.780223 1.472351 1.588538 0.897125 
ghost: 0.901380 0.105618 -0.301801 0.038332 -0.360898 -0.108122 0.900294 -0.866084 -0.065593 0.539793 -0.565790 -0.948691 
ghost: 1.371240 0.074674 0.901589 0.508191 -0.391841 1.095268 1.370153 -0.897028 1.137797 1.009652 -0.596733 0.254699 
ghost: 1.841099 0.043730 2.104980 0.978051 -0.422785 2.298659 1.840012 -0.927971 2.341188 1.479511 -0.627677 1.458090 
ghost: 1.367712 1.435602 -0.393209 0.504664 0.969087 -0.199530 1.366625 0.463901 -0.157000 1.006124 0.764195 -1.040099 
ghost: 1.837571 1.404659 0.810182 0.974523 0.938144 1.003861 1.836484 0.432957 1.046390 1.475984 0.733252 0.163292 
ghost: 2.307430 1.373715 2.013573 1.444382 0.907200 2.207252 2.306344 0.402013 2.249781 1.945843 0.702308 1.366683 
ghost: 1.834043 2.765587 -0.484616 0.970995 2.299072 -0.290937 1.832957 1.793885 -0.248408 1.472456 2.094180 -1.131506 
ghost: 2.303903 2.734644 0.718775 1.440855 2.268129 0.912454 2.302816 1.762942 0.954983 1.942315 2.063236 0.071885 
ghost: 2.773762 2.703700 1.922165 1.910714 2.237185 2.115845 2.772675 1.731998 2.158374 2.412174 2.032293 1.275275 
