1.012909 0.478059 0.399316 
0.476035 1.388955 -0.119091 
0.448795 -0.055333 1.190510 
particle: 0.973091 1.775625 1.479381 0.746093 1.400815 0.580499 0.921335 0.785505 1.349059 1.673222 1.304678 0.942701 
particle: 0.559673 0.368167 1.606079 0.158358 0.414791 0.691327 1.035736 -0.044656 0.829586 0.974755 0.950472 0.907060 
particle: 0.523267 0.835391 0.222227 1.239693 1.356866 -0.241236 1.300790 1.188491 0.742591 0.611123 1.818142 0.384962 
particle: 0.967714 0.981386 0.513465 0.064407 0.556838 0.451856 0.861483 0.003527 0.693763 0.760168 0.354197 -0.237240 
ghost: -0.964647 -0.036055 0.008645 -1.191645 -0.410866 -0.890237 -1.016403 -1.026175 -0.121677 -0.264516 -0.507003 -0.528035 
ghost: -0.515852 -0.091389 1.199155 -0.742850 -0.466199 0.300273 -0.567608 -1.081509 1.068833 0.184278 -0.562336 0.662475 
ghost: -0.067058 -0.146722 2.389665 -0.294055 -0.521533 1.490783 -0.118813 -1.136842 2.259343 0.633073 -0.617669 1.852986 
ghost: -0.488612 1.352899 -0.110446 -0.715610 0.978088 -1.009328 -0.540368 0.362779 -0.240767 0.211518 0.881952 -0.647125 
ghost: -0.039818 1.297566 1.080064 -0.266815 0.922755 0.181182 -0.091573 0.307446 0.949743 0.660313 0.826618 0.543385 
ghost: 0.408977 1.242233 2.270574 0.181979 0.867422 1.371692 0.357221 0.252113 2.140253 1.109108 0.771285 1.733895 
ghost: -0.012578 2.741854 -0.229536 -0.239575 2.367043 -1.128418 -0.064333 1.751734 -0.359858 0.687553 2.270906 -0.766216 
ghost: 0.436217 2.686521 0.960974 0.209220 2.311710 0.062092 0.384461 1.696401 0.830652 1.136348 2.215573 0.424294 
ghost: 0.885012 2.631188 2.151484 0.658014 2.256377 1.252602 0.833256 1.641068 2.021162 1.585143 2.160240 1.614804 
ghost: 0.048262 0.442004 0.407961 -0.178736 0.067193 -0.490921 -0.003494 -0.548116 0.277639 0.748392 -0.028944 -0.128718 
ghost: 0.497056 0.386671 1.598471 0.270059 0.011860 0.699589 0.445301 -0.603449 1.468150 1.197187 -0.084277 1.061792 
ghost: 0.945851 0.331338 2.788981 0.718853 -0.043473 1.890099 0.894095 -0.658782 2.658660 1.645982 -0.139610 2.252302 
ghost: 0.524296 1.830959 0.288871 0.297299 1.456148 -0.610012 0.472541 0.840839 0.158549 1.224427 1.360011 -0.247809 
ghost: 1.421886 1.720292 2.669891 1.194888 1.345481 1.771009 1.370130 0.730172 2.539569 2.122017 1.249345 2.133211 
ghost: 1.000331 3.219913 0.169780 0.773334 2.845102 -0.729102 0.948575 2.229793 0.039458 1.700462 2.748966 -0.366900 
ghost: 1.449126 3.164580 1.360290 1.222128 2.789769 0.461408 1.397370 2.174460 1.229968 2.149257 2.693632 0.823610 
ghost: 1.897921 3.109247 2.550800 1.670923 2.734436 1.651918 1.846165 2.119127 2.420478 2.598051 2.638299 2.014120 
ghost: 1.061170 0.920063 0.807277 0.834173 0.545252 -0.091605 1.009415 -0.070057 0.676956 1.761301 0.449116 0.270598 
ghost: 1.509965 0.864730 1.997787 1.282967 0.489919 1.098905 1.458209 -0.125390 1.867466 2.210096 0.393782 1.461108 
ghost: 1.958760 0.809397 3.188297 1.731762 0.434586 2.289415 1.907004 -0.180723 3.057976 2.658891 0.338449 2.651618 
ghost: 1.537205 2.309018 0.688187 1.310207 1.934207 -0.210695 1.485449 1.318898 0.557865 2.237336 1.838070 0.151507 
ghost: 1.986000 2.253685 1.878697 1.759002 1.878874 0.979815 1.934244 1.263565 1.748375 2.686131 1.782737 1.342017 
ghost: 2.434794 2.198352 3.069207 2.207797 1.823541 2.170325 2.383039 1.208232 2.938885 3.134925 1.727404 2.532527 
ghost: 2.013240 3.697973 0.569096 1.786242 3.323162 -0.329786 1.961484 2.707853 0.438774 2.713371 3.227025 0.032416 
ghost: 2.462035 3.642639 1.759606 2.235037 3.267829 0.860724 2.410279 2.652519 1.629284 3.162165 3.171692 1.222926 
ghost: 2.910829 3.587306 2.950116 2.683832 3.212495 2.051234 2.859074 2.597186 2.819794 3.610960 3.116359 2.413436 
ghost: -1.378065 -1.443514 0.135344 -1.779381 -1.396890 -0.779409 -0.902002 -1.856337 -0.641150 -0.962983 -0.861209 -0.563676 
ghost: -0.929270 -1.498848 1.325854 -1.330586 -1.452223 0.411101 -0.453207 -1.911670 0.549360 -0.514188 -0.916542 0.626834 
ghost: -0.480475 -1.554181 2.516364 -0.881791 -1.507556 1.601611 -0.004413 -1.967003 1.739870 -0.065393 -0.971876 1.817344 
ghost: -0.902030 -0.054560 0.016253 -1.303346 -0.007935 -0.898499 -0.425967 -0.467382 -0.760241 -0.486948 0.527745 -0.682766 
ghost: -0.453235 -0.109893 1.206763 -0.854551 -0.063268 0.292011 0.022827 -0.522715 0.430270 -0.038153 0.472412 0.507744 
ghost: -0.004441 -0.165226 2.397273 -0.405756 -0.118602 1.482521 0.471622 -0.578049 1.620780 0.410641 0.417079 1.698254 
ghost: -0.425995 1.334395 -0.102838 -0.827311 1.381019 -1.017590 0.050067 0.921572 -0.879331 -0.010913 1.916700 -0.801857 
ghost: 0.022800 1.279062 1.087672 -0.378516 1.325686 0.172920 0.498862 0.866239 0.311179 0.437881 1.861367 0.388653 
ghost: 0.471594 1.223729 2.278182 0.070278 1.270353 1.363430 0.947657 0.810906 1.501689 0.886676 1.806034 1.579163 
ghost: -0.365156 -0.965455 0.534660 -0.766472 -0.918831 -0.380093 0.110907 -1.378278 -0.241834 0.049926 -0.383150 -0.164360 
ghost: 0.083639 -1.020788 1.725170 -0.317677 -0.974164 0.810417 0.559701 -1.433611 0.948676 0.498721 -0.438483 1.026151 
ghost: 0.532433 -1.076121 2.915680 0.131117 -1.029497 2.000927 1.008496 -1.488944 2.139186 0.947515 -0.493816 2.216661 
ghost: 0.110879 0.423500 0.415569 -0.290437 0.470124 -0.499183 0.586941 0.010677 -0.360924 0.525961 1.005805 -0.283450 
ghost: 1.008468 0.312833 2.796589 0.607152 0.359458 1.881837 1.484531 -0.099989 2.020096 1.423550 0.895138 2.097570 
ghost: 0.586914 1.812454 0.296478 0.185598 1.859079 -0.618274 1.062976 1.399632 -0.480015 1.001995 2.394759 -0.402541 
ghost: 1.035708 1.757121 1.486988 0.634392 1.803746 0.572236 1.511771 1.344299 0.710495 1.450790 2.339426 0.787969 
ghost: 1.484503 1.701788 2.677498 1.083187 1.748412 1.762746 1.960566 1.288965 1.901005 1.899585 2.284093 1.978479 
ghost: 0.647753 -0.487396 0.933976 0.246437 -0.440771 0.019223 1.123815 -0.900218 0.157482 1.062835 0.094910 0.234957 
ghost: 1.096547 -0.542729 2.124486 0.695231 -0.496104 1.209734 1.572610 -0.955551 1.347992 1.511629 0.039576 1.425467 
ghost: 1.545342 -0.598062 3.314996 1.144026 -0.551438 2.400244 2.021405 -1.010885 2.538502 1.960424 -0.015757 2.615977 
ghost: 1.123787 0.901559 0.814885 0.722472 0.948183 -0.099867 1.599850 0.488736 0.038392 1.538869 1.483864 0.115866 
ghost: 1.572582 0.846226 2.005395 1.171266 0.892850 1.090643 2.048645 0.433403 1.228902 1.987664 1.428531 1.306376 
ghost: 2.021377 0.790893 3.195905 1.620061 0.837517 2.281153 2.497439 0.378070 2.419412 2.436459 1.373198 2.496886 
ghost: 1.599822 2.290514 0.695794 1.198506 2.337138 -0.218958 2.075885 1.877691 -0.080699 2.014904 2.872819 -0.003225 
ghost: 2.048617 2.235181 1.886304 1.647301 2.281805 0.971552 2.524680 1.822358 1.109811 2.463699 2.817486 1.187285 
ghost: 2.497412 2.179847 3.076815 2.096096 2.226472 2.162062 2.973474 1.767025 2.300321 2.912494 2.762152 2.377795 
ghost: -1.414471 -0.976290 -1.248509 -0.698045 -0.454815 -1.711972 -0.636949 -0.623190 -0.728144 -1.326616 0.006461 -1.085774 
ghost: -0.965676 -1.031623 -0.057999 -0.249250 -0.510148 -0.521462 -0.188154 -0.678523 0.462366 -0.877821 -0.048872 0.104736 
ghost: -0.516881 -1.086956 1.132511 0.199544 -0.565481 0.669048 0.260641 -0.733856 1.652876 -0.429026 -0.104205 1.295246 
ghost: -0.938436 0.412665 -1.367599 -0.222010 0.934140 -1.831062 -0.160914 0.765765 -0.847235 -0.850581 1.395415 -1.204865 
ghost: -0.489641 0.357332 -0.177089 0.226784 0.878807 -0.640552 0.287881 0.710431 0.343275 -0.401786 1.340082 -0.014355 
ghost: -0.040847 0.301999 1.013421 0.675579 0.823473 0.549958 0.736676 0.655098 1.533785 0.047009 1.284749 1.176156 
ghost: -0.462401 1.801620 -1.486690 0.254025 2.323094 -1.950153 0.315121 2.154719 -0.966325 -0.374546 2.784370 -1.323955 
ghost: -0.013607 1.746286 -0.296180 0.702819 2.267761 -0.759643 0.763916 2.099386 0.224185 0.074249 2.729037 -0.133445 
ghost: 0.435188 1.690953 0.894330 1.151614 2.212428 0.430867 1.212711 2.044053 1.414695 0.523043 2.673704 1.057065 
ghost: -0.401562 -0.498230 -0.849193 0.314864 0.023244 -1.312656 0.375960 -0.145131 -0.328828 -0.313707 0.484520 -0.686458 
ghost: 0.047233 -0.553564 0.341317 0.763658 -0.032089 -0.122146 0.824755 -0.200464 0.861682 0.135088 0.429187 0.504052 
ghost: 0.496027 -0.608897 1.531827 1.212453 -0.087422 1.068364 1.273550 -0.255797 2.052192 0.583883 0.373854 1.694562 
ghost: 0.074473 0.890724 -0.968283 0.790898 1.412199 -1.431746 0.851995 1.243824 -0.447919 0.162328 1.873475 -0.805548 
ghost: 0.972062 0.780058 1.412737 1.688488 1.301533 0.949274 1.749584 1.133158 1.933102 1.059917 1.762809 1.575472 
ghost: 0.550507 2.279679 -1.087374 1.266933 2.801154 -1.550837 1.328030 2.632779 -0.567009 0.638363 3.262429 -0.924639 
ghost: 0.999302 2.224346 0.103136 1.715728 2.745821 -0.360327 1.776825 2.577445 0.623501 1.087157 3.207096 0.265871 
ghost: 1.448097 2.169013 1.293646 2.164523 2.690487 0.830183 2.225619 2.522112 1.814011 1.535952 3.151763 1.456381 
ghost: 0.611347 -0.020171 -0.449877 1.327772 0.501304 -0.913340 1.388869 0.332929 0.070488 0.699202 0.962580 -0.287142 
ghost: 1.060141 -0.075504 0.740633 1.776567 0.445971 0.277170 1.837664 0.277596 1.260998 1.147997 0.907246 0.903368 
ghost: 1.508936 -0.130837 1.931143 2.225362 0.390638 1.467681 2.286458 0.222262 2.451508 1.596791 0.851913 2.093878 
ghost: 1.087381 1.368784 -0.568967 1.803807 1.890259 -1.032430 1.864904 1.721883 -0.048602 1.175237 2.351534 -0.406232 
ghost: 1.536176 1.313450 0.621543 2.252602 1.834925 0.158080 2.313698 1.666550 1.141908 1.624031 2.296201 0.784278 
ghost: 1.984971 1.258117 1.812053 2.701397 1.779592 1.348590 2.762493 1.611217 2.332418 2.072826 2.240868 1.974788 
ghost: 1.563416 2.757738 -0.688058 2.279842 3.279213 -1.151521 2.340938 3.110838 -0.167693 1.651271 3.740489 -0.525323 
ghost: 2.012211 2.702405 0.502452 2.728637 3.223880 0.038989 2.789733 3.055505 1.022817 2.100066 3.685156 0.665187 
ghost: 2.461006 2.647072 1.692962 3.177431 3.168547 1.229499 3.238528 3.000172 2.213327 2.548861 3.629823 1.855697 
ghost: -0.970024 -0.830295 -0.957271 -1.873331 -1.254843 -1.018880 -1.076255 -1.808154 -0.776973 -1.177570 -1.457484 -1.707976 
ghost: -0.521229 -0.885628 0.233239 -1.424536 -1.310176 0.171631 -0.627461 -1.863487 0.413537 -0.728775 -1.512817 -0.517466 
ghost: -0.072435 -0.940961 1.423749 -0.975741 -1.365510 1.362141 -0.178666 -1.918820 1.604047 -0.279981 -1.568151 0.673044 
ghost: -0.493989 0.558660 -1.076361 -1.397296 0.134111 -1.137970 -0.600221 -0.419199 -0.896064 -0.701535 -0.068530 -1.827067 
ghost: -0.045195 0.503327 0.114149 -0.948501 0.078778 0.052540 -0.151426 -0.474532 0.294446 -0.252741 -0.123863 -0.636556 
ghost: 0.403600 0.447993 1.304659 -0.499706 0.023445 1.243050 0.297369 -0.529865 1.484957 0.196054 -0.179196 0.553954 
ghost: -0.017954 1.947614 -1.195452 -0.921261 1.523066 -1.257061 -0.124186 0.969756 -1.015154 -0.225501 1.320425 -1.946157 
ghost: 0.430840 1.892281 -0.004942 -0.472466 1.467733 -0.066551 0.324609 0.914423 0.175356 0.223294 1.265092 -0.755647 
ghost: 0.879635 1.836948 1.185568 -0.023672 1.412400 1.123959 0.773404 0.859089 1.365866 0.672089 1.209759 0.434863 
ghost: 0.042885 -0.352236 -0.557955 -0.860422 -0.776784 -0.619563 -0.063347 -1.330094 -0.377657 -0.164661 -0.979425 -1.308660 
ghost: 0.491679 -0.407569 0.632555 -0.411627 -0.832117 0.570947 0.385448 -1.385427 0.812853 0.284133 -1.034758 -0.118150 
ghost: 0.940474 -0.462902 1.823065 0.037167 -0.887450 1.761457 0.834243 -1.440760 2.003363 0.732928 -1.090091 1.072360 
ghost: 0.518919 1.036719 -0.677045 -0.384387 0.612171 -0.738654 0.412688 0.058860 -0.496747 0.311373 0.409530 -1.427750 
ghost: 1.416509 0.926053 1.703975 0.513202 0.501504 1.642366 1.310277 -0.051806 1.884273 1.208963 0.298863 0.953270 
ghost: 0.994954 2.425674 -0.796136 0.091648 2.001125 -0.857745 0.888723 1.447815 -0.615838 0.787408 1.798484 -1.546841 
ghost: 1.443749 2.370341 0.394374 0.540442 1.945792 0.332765 1.337518 1.392482 0.574672 1.236203 1.743151 -0.356331 
ghost: 1.892544 2.315007 1.584884 0.989237 1.890459 1.523275 1.786312 1.337149 1.765182 1.684998 1.687818 0.834179 
ghost: 1.055793 0.125824 -0.158639 0.152487 -0.298725 -0.220247 0.949562 -0.852035 0.021659 0.848247 -0.501366 -0.909344 
ghost: 1.504588 0.070491 1.031871 0.601281 -0.354058 0.970263 1.398357 -0.907368 1.212169 1.297042 -0.556699 0.281166 
ghost: 1.953383 0.015158 2.222381 1.050076 -0.409391 2.160773 1.847151 -0.962701 2.402679 1.745837 -0.612032 1.471676 
ghost: 1.531828 1.514779 -0.277729 0.628521 1.090230 -0.339338 1.425597 0.536920 -0.097431 1.324282 0.887589 -1.028434 
ghost: 1.980623 1.459445 0.912781 1.077316 1.034897 0.851172 1.874391 0.481587 1.093079 1.773077 0.832256 0.162076 
ghost: 2.429418 1.404112 2.103291 1.526111 0.979564 2.041682 2.323186 0.426254 2.283589 2.221872 0.776923 1.352586 
ghost: 2.007863 2.903733 -0.396820 1.104556 2.479185 -0.458429 1.901632 1.925875 -0.216522 1.800317 2.276544 -1.147525 
ghost: 2.456658 2.848400 0.793690 1.553351 2.423852 0.732081 2.350426 1.870541 0.973988 2.249112 2.221211 0.042985 
ghost: 2.905452 2.793067 1.984200 2.002146 2.368518 1.922591 2.799221 1.815208 2.164498 2.697906 2.165877 1.233495 
