2.093282 0.618228 0.154432 
0.587946 2.386226 -0.103570 
0.121136 -0.045647 2.038203 
particle: 0.835974 2.153788 1.283255 1.396806 1.915600 2.076182 0.407495 1.772126 2.102241 0.778685 2.700539 2.118588 
particle: 0.308231 0.480770 2.541796 0.032990 0.670061 1.599240 0.603882 -0.125202 1.803292 0.985329 0.796249 1.876956 
particle: 2.221556 1.049860 0.752764 2.020711 0.070273 0.761112 1.692791 0.641514 0.008681 1.287930 0.732276 0.918544 
particle: 0.980322 0.149582 0.788529 0.725363 0.451679 -0.130020 0.157914 0.702414 0.654284 0.180674 -0.245391 0.336248 
ghost: -1.966390 -0.805019 -0.805810 -1.405558 -1.043207 -0.012883 -2.394869 -1.186681 0.013177 -2.023678 -0.258268 0.029523 
ghost: -1.845254 -0.850666 1.232393 -1.284422 -1.088854 2.025320 -2.273733 -1.232328 2.051379 -1.902543 -0.303915 2.067726 
ghost: -1.724118 -0.896312 3.270595 -1.163286 -1.134500 4.063523 -2.152597 -1.277975 4.089582 -1.781407 -0.349562 4.105929 
ghost: -1.378443 1.581207 -0.909381 -0.817611 1.343019 -0.116453 -1.806922 1.199545 -0.090394 -1.435732 2.127958 -0.074047 
ghost: -1.257308 1.535561 1.128822 -0.696476 1.297373 1.921750 -1.685787 1.153898 1.947809 -1.314596 2.082311 1.964156 
ghost: -1.136172 1.489914 3.167025 -0.575340 1.251726 3.959953 -1.564651 1.108251 3.986012 -1.193461 2.036664 4.002359 
ghost: -0.790497 3.967434 -1.012951 -0.229665 3.729245 -0.220023 -1.218976 3.585771 -0.193964 -0.847786 4.514184 -0.177617 
ghost: -0.669361 3.921787 1.025252 -0.108529 3.683599 1.818179 -1.097840 3.540124 1.844239 -0.726650 4.468537 1.860585 
ghost: -0.548226 3.876140 3.063455 0.012606 3.637952 3.856382 -0.976705 3.494478 3.882442 -0.605514 4.422891 3.898788 
ghost: 0.126892 -0.186791 -0.651378 0.687724 -0.424979 0.141549 -0.301587 -0.568453 0.167609 0.069603 0.359959 0.183955 
ghost: 0.248028 -0.232438 1.386825 0.808860 -0.470626 2.179752 -0.180451 -0.614100 2.205812 0.190739 0.314313 2.222158 
ghost: 0.369163 -0.278084 3.425028 0.929995 -0.516273 4.217955 -0.059316 -0.659747 4.244015 0.311875 0.268666 4.260361 
ghost: 0.714838 2.199435 -0.754948 1.275670 1.961247 0.037979 0.286359 1.817773 0.064039 0.657549 2.746186 0.080385 
ghost: 0.957110 2.108142 3.321457 1.517942 1.869954 4.114385 0.528631 1.726479 4.140444 0.899821 2.654892 4.156791 
ghost: 1.302784 4.585661 -0.858519 1.863616 4.347473 -0.065591 0.874305 4.203999 -0.039532 1.245496 5.132412 -0.023185 
ghost: 1.423920 4.540015 1.179684 1.984752 4.301827 1.972612 0.995441 4.158352 1.998671 1.366631 5.086765 2.015018 
ghost: 1.545056 4.494368 3.217887 2.105888 4.256180 4.010814 1.116577 4.112705 4.036874 1.487767 5.041118 4.053221 
ghost: 2.220173 0.431437 -0.496946 2.781005 0.193249 0.295982 1.791694 0.049774 0.322041 2.162885 0.978187 0.338388 
ghost: 2.341309 0.385790 1.541257 2.902141 0.147602 2.334184 1.912830 0.004128 2.360244 2.284020 0.932541 2.376590 
ghost: 2.462445 0.340143 3.579460 3.023277 0.101955 4.372387 2.033966 -0.041519 4.398447 2.405156 0.886894 4.414793 
ghost: 2.808120 2.817663 -0.600516 3.368952 2.579475 0.192411 2.379641 2.436001 0.218471 2.750831 3.364413 0.234817 
ghost: 2.929255 2.772016 1.437687 3.490087 2.533828 2.230614 2.500777 2.390354 2.256674 2.871967 3.318767 2.273020 
ghost: 3.050391 2.726370 3.475890 3.611223 2.488181 4.268817 2.621912 2.344707 4.294876 2.993102 3.273120 4.311223 
ghost: 3.396066 5.203889 -0.704086 3.956898 4.965701 0.088841 2.967587 4.822227 0.114901 3.338777 5.750640 0.131247 
ghost: 3.517202 5.158243 1.334116 4.078034 4.920054 2.127044 3.088723 4.776580 2.153103 3.459913 5.704993 2.169450 
ghost: 3.638337 5.112596 3.372319 4.199169 4.874408 4.165247 3.209859 4.730933 4.191306 3.581049 5.659346 4.207653 
ghost: -2.494133 -2.478037 0.452731 -2.769374 -2.288746 -0.489825 -2.198481 -3.084010 -0.285773 -1.817034 -2.162559 -0.212108 
ghost: -2.372997 -2.523684 2.490934 -2.648238 -2.334393 1.548378 -2.077346 -3.129656 1.752430 -1.695899 -2.208205 1.826094 
ghost: -2.251861 -2.569330 4.529137 -2.527102 -2.380039 3.586581 -1.956210 -3.175303 3.790633 -1.574763 -2.253852 3.864297 
ghost: -1.906186 -0.091811 0.349161 -2.181428 0.097480 -0.593395 -1.610535 -0.697783 -0.389343 -1.229088 0.223667 -0.315679 
ghost: -1.785051 -0.137458 2.387363 -2.060292 0.051834 1.444808 -1.489399 -0.743430 1.648860 -1.107952 0.178021 1.722524 
ghost: -1.663915 -0.183104 4.425566 -1.939156 0.006187 3.483011 -1.368264 -0.789077 3.687063 -0.986817 0.132374 3.760727 
ghost: -1.318240 2.294415 0.245590 -1.593481 2.483707 -0.696965 -1.022589 1.688443 -0.492913 -0.641142 2.609894 -0.419249 
ghost: -1.197104 2.248769 2.283793 -1.472346 2.438060 1.341238 -0.901453 1.642796 1.545290 -0.520006 2.564247 1.618954 
ghost: -1.075969 2.203122 4.321996 -1.351210 2.392413 3.379440 -0.780317 1.597149 3.583492 -0.398870 2.518600 3.657157 
ghost: -0.400851 -1.859809 0.607163 -0.676092 -1.670518 -0.335393 -0.105200 -2.465782 -0.131340 0.276247 -1.544331 -0.057676 
ghost: -0.279715 -1.905456 2.645366 -0.554957 -1.716165 1.702810 0.015936 -2.511429 1.906862 0.397383 -1.589978 1.980527 
ghost: -0.158580 -1.951103 4.683569 -0.433821 -1.761812 3.741013 0.137072 -2.557075 3.945065 0.518519 -1.635624 4.018729 
ghost: 0.187095 0.526417 0.503593 -0.088146 0.715708 -0.438963 0.482746 -0.079556 -0.234911 0.864193 0.841895 -0.161247 
ghost: 0.429367 0.435124 4.579998 0.154125 0.624415 3.637443 0.725018 -0.170849 3.841495 1.106465 0.750602 3.915159 
ghost: 0.775041 2.912643 0.400023 0.499800 3.101934 -0.542533 1.070693 2.306671 -0.338481 1.452140 3.228121 -0.264817 
ghost: 0.896177 2.866996 2.438225 0.620936 3.056288 1.495670 1.191829 2.261024 1.699722 1.573275 3.182475 1.773386 
ghost: 1.017313 2.821350 4.476428 0.742072 3.010641 3.533873 1.312964 2.215377 3.737925 1.694411 3.136828 3.811589 
ghost: 1.692430 -1.241581 0.761595 1.417189 -1.052290 -0.180960 1.988082 -1.847554 0.023092 2.369529 -0.926103 0.096756 
ghost: 1.813566 -1.287228 2.799798 1.538325 -1.097937 1.857243 2.109218 -1.893201 2.061295 2.490665 -0.971750 2.134959 
ghost: 1.934702 -1.332875 4.838001 1.659461 -1.143584 3.895445 2.230353 -1.938847 4.099497 2.611800 -1.017397 4.173162 
ghost: 2.280377 1.144645 0.658025 2.005136 1.333936 -0.284531 2.576028 0.538672 -0.080478 2.957475 1.460123 -0.006814 
ghost: 2.401513 1.098998 2.696228 2.126271 1.288289 1.753672 2.697164 0.493025 1.957724 3.078611 1.414476 2.031389 
ghost: 2.522648 1.053351 4.734431 2.247407 1.242643 3.791875 2.818300 0.447379 3.995927 3.199747 1.368830 4.069591 
ghost: 2.868323 3.530871 0.554455 2.593082 3.720162 -0.388101 3.163974 2.924898 -0.184049 3.545421 3.846349 -0.110385 
ghost: 2.989459 3.485224 2.592658 2.714218 3.674515 1.650102 3.285110 2.879252 1.854154 3.666557 3.800703 1.927818 
ghost: 3.110595 3.439578 4.630860 2.835353 3.628869 3.688305 3.406246 2.833605 3.892357 3.787693 3.755056 3.966021 
ghost: -0.580807 -1.908947 -1.336300 -0.781653 -2.888534 -1.327953 -1.109573 -2.317294 -2.080384 -1.514433 -2.226531 -1.170521 
ghost: -0.459671 -1.954594 0.701902 -0.660517 -2.934181 0.710250 -0.988437 -2.362940 -0.042181 -1.393297 -2.272178 0.867682 
ghost: -0.338536 -2.000240 2.740105 -0.539381 -2.979828 2.748453 -0.867302 -2.408587 1.996022 -1.272162 -2.317825 2.905885 
ghost: 0.007139 0.477279 -1.439871 -0.193707 -0.502308 -1.431523 -0.521627 0.068933 -2.183954 -0.926487 0.159695 -1.274091 
ghost: 0.128275 0.431633 0.598332 -0.072571 -0.547955 0.606680 -0.400491 0.023286 -0.145751 -0.805351 0.114048 0.764112 
ghost: 0.249411 0.385986 2.636535 0.048565 -0.593602 2.644883 -0.279355 -0.022361 1.892452 -0.684215 0.068402 2.802315 
ghost: 0.595085 2.863505 -1.543441 0.394240 1.883918 -1.535093 0.066320 2.455159 -2.287524 -0.338541 2.545921 -1.377661 
ghost: 0.716221 2.817859 0.494762 0.515375 1.838271 0.503110 0.187455 2.409512 -0.249321 -0.217405 2.500275 0.660542 
ghost: 0.837357 2.772212 2.532965 0.636511 1.792625 2.541313 0.308591 2.363865 1.788881 -0.096269 2.454628 2.698744 
ghost: 1.512474 -1.290719 -1.181868 1.311629 -2.270306 -1.173520 0.983709 -1.699066 -1.925951 0.578848 -1.608303 -1.016089 
ghost: 1.633610 -1.336366 0.856335 1.432764 -2.315953 0.864682 1.104844 -1.744713 0.112251 0.699984 -1.653950 1.022114 
ghost: 1.754746 -1.382013 2.894537 1.553900 -2.361600 2.902885 1.225980 -1.790359 2.150454 0.821120 -1.699597 3.060317 
ghost: 2.100421 1.095507 -1.285439 1.899575 0.115920 -1.277091 1.571655 0.687160 -2.029522 1.166795 0.777923 -1.119659 
ghost: 2.342692 1.004214 2.790967 2.141846 0.024626 2.799315 1.813926 0.595867 2.046884 1.409066 0.686629 2.956747 
ghost: 2.688367 3.481733 -1.389009 2.487521 2.502146 -1.380661 2.159601 3.073387 -2.133092 1.754741 3.164149 -1.223229 
ghost: 2.809503 3.436087 0.649194 2.608657 2.456499 0.657542 2.280737 3.027740 -0.094889 1.875877 3.118502 0.814974 
ghost: 2.930638 3.390440 2.687397 2.729793 2.410852 2.695745 2.401873 2.982093 1.943314 1.997012 3.072856 2.853177 
ghost: 3.605756 -0.672491 -1.027436 3.404910 -1.652079 -1.019088 3.076990 -1.080838 -1.771519 2.672130 -0.990075 -0.861656 
ghost: 3.726892 -0.718138 1.010767 3.526046 -1.697725 1.019115 3.198126 -1.126485 0.266684 2.793266 -1.035722 1.176547 
ghost: 3.848027 -0.763785 3.048970 3.647182 -1.743372 3.057318 3.319262 -1.172131 2.304886 2.914401 -1.081369 3.214749 
ghost: 4.193702 1.713735 -1.131006 3.992857 0.734148 -1.122658 3.664936 1.305388 -1.875089 3.260076 1.396151 -0.965227 
ghost: 4.314838 1.668088 0.907197 4.113992 0.688501 0.915544 3.786072 1.259741 0.163113 3.381212 1.350504 1.072976 
ghost: 4.435974 1.622441 2.945399 4.235128 0.642854 2.953747 3.907208 1.214095 2.201316 3.502348 1.304857 3.111179 
ghost: 4.781648 4.099961 -1.234577 4.580803 3.120374 -1.226229 4.252883 3.691614 -1.978660 3.848022 3.782377 -1.068797 
ghost: 4.902784 4.054314 0.803626 4.701939 3.074727 0.811974 4.374018 3.645968 0.059543 3.969158 3.736730 0.969406 
ghost: 5.023920 4.008668 2.841829 4.823074 3.029080 2.850177 4.495154 3.600321 2.097746 4.090294 3.691083 3.007609 
ghost: -1.822041 -2.809225 -1.300535 -2.077000 -2.507128 -2.219085 -2.644449 -2.256393 -1.434781 -2.621690 -3.204199 -1.752816 
ghost: -1.700905 -2.854872 0.737667 -1.955865 -2.552775 -0.180882 -2.523314 -2.302040 0.603422 -2.500554 -3.249845 0.285387 
ghost: -1.579770 -2.900518 2.775870 -1.834729 -2.598422 1.857320 -2.402178 -2.347686 2.641625 -2.379418 -3.295492 2.323589 
ghost: -1.234095 -0.422999 -1.404106 -1.489054 -0.120902 -2.322655 -2.056503 0.129833 -1.538351 -2.033743 -0.817972 -1.856387 
ghost: -1.112959 -0.468645 0.634097 -1.367918 -0.166549 -0.284453 -1.935367 0.084187 0.499852 -1.912608 -0.863619 0.181816 
ghost: -0.991823 -0.514292 2.672300 -1.246782 -0.212196 1.753750 -1.814232 0.038540 2.538055 -1.791472 -0.909266 2.220019 
ghost: -0.646149 1.963228 -1.507676 -0.901108 2.265324 -2.426226 -1.468557 2.516059 -1.641921 -1.445797 1.568254 -1.959957 
ghost: -0.525013 1.917581 0.530527 -0.779972 2.219677 -0.388023 -1.347421 2.470413 0.396281 -1.324661 1.522607 0.078246 
ghost: -0.403877 1.871934 2.568730 -0.658836 2.174031 1.650180 -1.226285 2.424766 2.434484 -1.203526 1.476960 2.116449 
ghost: 0.271240 -2.190997 -1.146103 0.016281 -1.888901 -2.064653 -0.551168 -1.638165 -1.280349 -0.528408 -2.585971 -1.598384 
ghost: 0.392376 -2.236644 0.892100 0.137417 -1.934547 -0.026450 -0.430032 -1.683812 0.757854 -0.407272 -2.631617 0.439819 
ghost: 0.513512 -2.282291 2.930302 0.258553 -1.980194 2.011753 -0.308896 -1.729459 2.796057 -0.286137 -2.677264 2.478022 
ghost: 0.859187 0.195229 -1.249673 0.604228 0.497326 -2.168223 0.036779 0.748061 -1.383919 0.059538 -0.199745 -1.701954 
ghost: 1.101458 0.103936 2.826732 0.846499 0.406032 1.908182 0.279050 0.656768 2.692487 0.301810 -0.291038 2.374451 
ghost: 1.447133 2.581455 -1.353244 1.192174 2.883552 -2.271793 0.624725 3.134287 -1.487489 0.647484 2.186482 -1.805525 
ghost: 1.568269 2.535809 0.684959 1.313310 2.837905 -0.233591 0.745861 3.088641 0.550714 0.768620 2.140835 0.232678 
ghost: 1.689404 2.490162 2.723162 1.434445 2.792258 1.804612 0.866996 3.042994 2.588917 0.889756 2.095188 2.270881 
ghost: 2.364522 -1.572769 -0.991671 2.109563 -1.270673 -1.910221 1.542114 -1.019937 -1.125916 1.564873 -1.967743 -1.443952 
ghost: 2.485658 -1.618416 1.046532 2.230699 -1.316320 0.127982 1.663250 -1.065584 0.912286 1.686009 -2.013390 0.594251 
ghost: 2.606793 -1.664063 3.084735 2.351834 -1.361966 2.166185 1.784385 -1.111231 2.950489 1.807145 -2.059036 2.632454 
ghost: 2.952468 0.813457 -1.095241 2.697509 1.115553 -2.013791 2.130060 1.366289 -1.229487 2.152820 0.418483 -1.547522 
ghost: 3.073604 0.767810 0.942962 2.818645 1.069907 0.024412 2.251196 1.320642 0.808716 2.273955 0.372837 0.490681 
ghost: 3.194740 0.722164 2.981164 2.939781 1.024260 2.062615 2.372332 1.274995 2.846919 2.395091 0.327190 2.528884 
ghost: 3.540414 3.199683 -1.198811 3.285455 3.501780 -2.117361 2.718006 3.752515 -1.333057 2.740766 2.804710 -1.651092 
ghost: 3.661550 3.154036 0.839391 3.406591 3.456133 -0.079158 2.839142 3.706868 0.705146 2.861902 2.759063 0.387110 
ghost: 3.782686 3.108390 2.877594 3.527727 3.410486 1.959044 2.960278 3.661222 2.743349 2.983037 2.713416 2.425313 
