1.220195 -0.028117 -0.100955 
-0.000293 0.840086 -0.018286 
-0.166631 -0.008468 0.813563 
particle: 0.520402 0.574010 -0.202308 1.097062 1.148006 0.379062 1.457799 0.784425 -0.479820 1.290601 0.170795 0.291869 
particle: 0.656190 0.116436 1.096494 0.793702 0.767094 0.349678 1.017414 -0.198747 0.218897 1.582716 0.368823 0.817478 
particle: 0.107610 0.574298 0.160613 0.507925 0.487801 1.072899 0.919508 0.007050 0.298639 0.035041 -0.289846 0.658597 
particle: 0.318471 0.447618 -0.349710 0.753523 0.357164 0.546140 -0.036132 0.960074 0.432368 0.844813 1.208574 0.029646 
ghost: -0.532869 -0.229491 -0.896631 0.043791 0.344505 -0.315260 0.404528 -0.019077 -1.174142 0.237330 -0.632706 -0.402453 
ghost: -0.699500 -0.237959 -0.083067 -0.122839 0.336037 0.498303 0.237897 -0.027545 -0.360579 0.070699 -0.641174 0.411110 
ghost: -0.866130 -0.246427 0.730496 -0.289470 0.327569 1.311866 0.071266 -0.036013 0.452985 -0.095932 -0.649642 1.224674 
ghost: -0.533162 0.610594 -0.914916 0.043498 1.184590 -0.333546 0.404235 0.821009 -1.192428 0.237037 0.207380 -0.420738 
ghost: -0.699793 0.602126 -0.101353 -0.123133 1.176122 0.480017 0.237604 0.812541 -0.378864 0.070406 0.198912 0.392825 
ghost: -0.866424 0.593658 0.712210 -0.289763 1.167654 1.293581 0.070973 0.804073 0.434699 -0.096225 0.190444 1.206388 
ghost: -0.533456 1.450680 -0.933202 0.043205 2.024676 -0.351832 0.403941 1.661095 -1.210713 0.236743 1.047466 -0.439024 
ghost: -0.700086 1.442212 -0.119639 -0.123426 2.016208 0.461732 0.237311 1.652627 -0.397150 0.070113 1.038998 0.374539 
ghost: -0.866717 1.433744 0.693925 -0.290057 2.007740 1.275295 0.070680 1.644159 0.416413 -0.096518 1.030530 1.188102 
ghost: 0.687326 -0.257608 -0.997586 1.263987 0.316388 -0.416216 1.624723 -0.047193 -1.275097 1.457525 -0.660822 -0.503408 
ghost: 0.520695 -0.266076 -0.184023 1.097356 0.307920 0.397348 1.458092 -0.055661 -0.461534 1.290894 -0.669290 0.310155 
ghost: 0.354065 -0.274544 0.629540 0.930725 0.299452 1.210911 1.291462 -0.064129 0.352029 1.124264 -0.677758 1.123718 
ghost: 0.687033 0.582478 -1.015872 1.263693 1.156474 -0.434501 1.624430 0.792893 -1.293383 1.457232 0.179263 -0.521694 
ghost: 0.353771 0.565542 0.611255 0.930432 1.139538 1.192625 1.291168 0.775957 0.333744 1.123970 0.162327 1.105433 
ghost: 0.686740 1.422564 -1.034157 1.263400 1.996560 -0.452787 1.624137 1.632978 -1.311669 1.456939 1.019349 -0.539979 
ghost: 0.520109 1.414096 -0.220594 1.096769 1.988092 0.360776 1.457506 1.624510 -0.498105 1.290308 1.010881 0.273584 
ghost: 0.353478 1.405628 0.592969 0.930138 1.979624 1.174340 1.290875 1.616042 0.315458 1.123677 1.002413 1.087147 
ghost: 1.907521 -0.285724 -1.098541 2.484182 0.288272 -0.517171 2.844918 -0.075310 -1.376053 2.677720 -0.688939 -0.604364 
ghost: 1.740891 -0.294192 -0.284978 2.317551 0.279804 0.296392 2.678288 -0.083778 -0.562490 2.511089 -0.697407 0.209200 
ghost: 1.574260 -0.302660 0.528585 2.150920 0.271336 1.109955 2.511657 -0.092246 0.251074 2.344459 -0.705875 1.022763 
ghost: 1.907228 0.554361 -1.116827 2.483888 1.128357 -0.535457 2.844625 0.764776 -1.394338 2.677427 0.151147 -0.622649 
ghost: 1.740597 0.545893 -0.303264 2.317258 1.119889 0.278106 2.677994 0.756308 -0.580775 2.510796 0.142679 0.190914 
ghost: 1.573967 0.537425 0.510299 2.150627 1.111421 1.091670 2.511363 0.747840 0.232788 2.344165 0.134211 1.004477 
ghost: 1.906935 1.394447 -1.135113 2.483595 1.968443 -0.553742 2.844332 1.604862 -1.412624 2.677134 0.991233 -0.640935 
ghost: 1.740304 1.385979 -0.321549 2.316964 1.959975 0.259821 2.677701 1.596394 -0.599061 2.510503 0.982765 0.172628 
ghost: 1.573673 1.377511 0.492014 2.150334 1.951507 1.073384 2.511070 1.587926 0.214502 2.343872 0.974297 0.986192 
ghost: -0.397081 -0.687065 0.402172 -0.259569 -0.036407 -0.344644 -0.035857 -1.002248 -0.475425 0.529445 -0.434679 0.123156 
ghost: -0.563712 -0.695533 1.215735 -0.426200 -0.044875 0.468919 -0.202488 -1.010716 0.338138 0.362814 -0.443147 0.936719 
ghost: -0.730343 -0.704001 2.029299 -0.592831 -0.053343 1.282483 -0.369119 -1.019184 1.151701 0.196183 -0.451615 1.750282 
ghost: -0.397375 0.153021 0.383887 -0.259863 0.803679 -0.362929 -0.036150 -0.162162 -0.493711 0.529151 0.405407 0.104870 
ghost: -0.564005 0.144553 1.197450 -0.426493 0.795211 0.450634 -0.202781 -0.170630 0.319853 0.362521 0.396939 0.918433 
ghost: -0.730636 0.136085 2.011013 -0.593124 0.786743 1.264197 -0.369412 -0.179098 1.133416 0.195890 0.388471 1.731996 
ghost: -0.397668 0.993106 0.365601 -0.260156 1.643765 -0.381215 -0.036444 0.677923 -0.511996 0.528858 1.245493 0.086584 
ghost: -0.564299 0.984638 1.179164 -0.426787 1.635297 0.432348 -0.203074 0.669455 0.301567 0.362227 1.237025 0.900148 
ghost: -0.730930 0.976170 1.992727 -0.593417 1.626829 1.245911 -0.369705 0.660987 1.115130 0.195597 1.228557 1.713711 
ghost: 0.823114 -0.715182 0.301217 0.960626 -0.064523 -0.445599 1.184338 -1.030365 -0.576380 1.749640 -0.462795 0.022200 
ghost: 0.656483 -0.723650 1.114780 0.793995 -0.072991 0.367964 1.017707 -1.038832 0.237183 1.583009 -0.471263 0.835763 
ghost: 0.489852 -0.732118 1.928343 0.627364 -0.081459 1.181527 0.851076 -1.047300 1.050746 1.416378 -0.479731 1.649327 
ghost: 0.822820 0.124904 0.282931 0.960332 0.775562 -0.463885 1.184045 -0.190279 -0.594666 1.749347 0.377291 0.003915 
ghost: 0.489559 0.107968 1.910058 0.627071 0.758626 1.163242 0.850783 -0.207215 1.032460 1.416085 0.360355 1.631041 
ghost: 0.822527 0.964990 0.264645 0.960039 1.615648 -0.482171 1.183751 0.649807 -0.612952 1.749053 1.217376 -0.014371 
ghost: 0.655896 0.956522 1.078209 0.793408 1.607180 0.331393 1.017121 0.641339 0.200612 1.582423 1.208908 0.799192 
ghost: 0.489266 0.948054 1.891772 0.626778 1.598712 1.144956 0.850490 0.632871 1.014175 1.415792 1.200440 1.612755 
ghost: 2.043309 -0.743298 0.200261 2.180821 -0.092640 -0.546555 2.404533 -1.058481 -0.677336 2.969835 -0.490912 -0.078755 
ghost: 1.876678 -0.751766 1.013824 2.014190 -0.101108 0.267008 2.237902 -1.066949 0.136227 2.803204 -0.499380 0.734808 
ghost: 1.710047 -0.760234 1.827388 1.847559 -0.109576 1.080572 2.071272 -1.075417 0.949791 2.636574 -0.507848 1.548371 
ghost: 2.043016 0.096787 0.181976 2.180528 0.747446 -0.564840 2.404240 -0.218395 -0.695622 2.969542 0.349174 -0.097041 
ghost: 1.876385 0.088319 0.995539 2.013897 0.738978 0.248723 2.237609 -0.226863 0.117942 2.802911 0.340706 0.716522 
ghost: 1.709754 0.079852 1.809102 1.847266 0.730510 1.062286 2.070978 -0.235331 0.931505 2.636280 0.332238 1.530086 
ghost: 2.042722 0.936873 0.163690 2.180234 1.587532 -0.583126 2.403947 0.621690 -0.713907 2.969248 1.189260 -0.115327 
ghost: 1.876092 0.928405 0.977253 2.013604 1.579064 0.230437 2.237316 0.613222 0.099656 2.802618 1.180792 0.698237 
ghost: 1.709461 0.919937 1.790816 1.846973 1.570596 1.044000 2.070685 0.604754 0.913219 2.635987 1.172324 1.511800 
ghost: -0.945661 -0.229203 -0.533710 -0.545346 -0.315700 0.378577 -0.133763 -0.796451 -0.395683 -1.018231 -1.093347 -0.035725 
ghost: -1.112292 -0.237671 0.279854 -0.711977 -0.324168 1.192140 -0.300394 -0.804919 0.417880 -1.184861 -1.101815 0.777839 
ghost: -1.278922 -0.246139 1.093417 -0.878607 -0.332636 2.005703 -0.467024 -0.813387 1.231444 -1.351492 -1.110283 1.591402 
ghost: -0.945954 0.610883 -0.551995 -0.545639 0.524385 0.360291 -0.134056 0.043635 -0.413969 -1.018524 -0.253261 -0.054010 
ghost: -1.112585 0.602415 0.261568 -0.712270 0.515918 1.173854 -0.300687 0.035167 0.399595 -1.185155 -0.261729 0.759553 
ghost: -1.279216 0.593947 1.075131 -0.878901 0.507450 1.987418 -0.467318 0.026699 1.213158 -1.351785 -0.270197 1.573116 
ghost: -0.946247 1.450968 -0.570281 -0.545932 1.364471 0.342005 -0.134349 0.883720 -0.432254 -1.018817 0.586824 -0.072296 
ghost: -1.112878 1.442500 0.243282 -0.712563 1.356003 1.155569 -0.300980 0.875252 0.381309 -1.185448 0.578356 0.741267 
ghost: -1.279509 1.434032 1.056846 -0.879194 1.347535 1.969132 -0.467611 0.866784 1.194872 -1.352079 0.569888 1.554831 
ghost: 0.274534 -0.257320 -0.634665 0.674849 -0.343817 0.277621 1.086432 -0.824568 -0.496638 0.201965 -1.121464 -0.136680 
ghost: 0.107904 -0.265788 0.178898 0.508218 -0.352285 1.091184 0.919802 -0.833036 0.316925 0.035334 -1.129931 0.676883 
ghost: -0.058727 -0.274256 0.992461 0.341588 -0.360753 1.904748 0.753171 -0.841504 1.130488 -0.131297 -1.138399 1.490446 
ghost: 0.274241 0.582766 -0.652951 0.674556 0.496269 0.259336 1.086139 0.015518 -0.514924 0.201671 -0.281378 -0.154966 
ghost: -0.059020 0.565830 0.974176 0.341294 0.479333 1.886462 0.752877 -0.001418 1.112203 -0.131590 -0.298314 1.472161 
ghost: 0.273948 1.422852 -0.671236 0.674263 1.336355 0.241050 1.085846 0.855604 -0.533210 0.201378 0.558708 -0.173251 
ghost: 0.107317 1.414384 0.142327 0.507632 1.327887 1.054613 0.919215 0.847136 0.280354 0.034747 0.550240 0.640312 
ghost: -0.059314 1.405916 0.955890 0.341001 1.319419 1.868176 0.752584 0.838668 1.093917 -0.131883 0.541772 1.453875 
ghost: 1.494729 -0.285436 -0.735620 1.895044 -0.371933 0.176666 2.306627 -0.852684 -0.597594 1.422160 -1.149580 -0.237636 
ghost: 1.328099 -0.293904 0.077943 1.728414 -0.380401 0.990229 2.139997 -0.861152 0.215969 1.255529 -1.158048 0.575928 
ghost: 1.161468 -0.302372 0.891506 1.561783 -0.388869 1.803792 1.973366 -0.869620 1.029533 1.088898 -1.166516 1.389491 
ghost: 1.494436 0.554650 -0.753906 1.894751 0.468152 0.158380 2.306334 -0.012599 -0.615879 1.421866 -0.309494 -0.255921 
ghost: 1.327805 0.546182 0.059657 1.728120 0.459684 0.971943 2.139703 -0.021067 0.197684 1.255236 -0.317962 0.557642 
ghost: 1.161175 0.537714 0.873220 1.561490 0.451216 1.785507 1.973073 -0.029534 1.011247 1.088605 -0.326430 1.371205 
ghost: 1.494143 1.394735 -0.772192 1.894458 1.308238 0.140095 2.306041 0.827487 -0.634165 1.421573 0.530591 -0.274207 
ghost: 1.327512 1.386267 0.041372 1.727827 1.299770 0.953658 2.139410 0.819019 0.179398 1.254942 0.522123 0.539356 
ghost: 1.160881 1.377799 0.854935 1.561196 1.291302 1.767221 1.972779 0.810551 0.992961 1.088312 0.513655 1.352920 
ghost: -0.734800 -0.355883 -1.044032 -0.299748 -0.446338 -0.148182 -1.089403 0.156573 -0.261954 -0.208458 0.405073 -0.664676 
ghost: -0.901431 -0.364351 -0.230469 -0.466379 -0.454806 0.665381 -1.256033 0.148105 0.551609 -0.375089 0.396605 0.148887 
ghost: -1.068062 -0.372819 0.583094 -0.633010 -0.463274 1.478945 -1.422664 0.139637 1.365172 -0.541720 0.388137 0.962450 
ghost: -0.735093 0.484203 -1.062318 -0.300041 0.393748 -0.166467 -1.089696 0.996659 -0.280240 -0.208752 1.245158 -0.682962 
ghost: -0.901724 0.475735 -0.248755 -0.466672 0.385280 0.647096 -1.256327 0.988191 0.533323 -0.375382 1.236690 0.130601 
ghost: -1.068355 0.467267 0.564809 -0.633303 0.376812 1.460659 -1.422957 0.979723 1.346887 -0.542013 1.228223 0.944165 
ghost: -0.735387 1.324289 -1.080603 -0.300335 1.233834 -0.184753 -1.089989 1.836745 -0.298525 -0.209045 2.085244 -0.701247 
ghost: -0.902017 1.315821 -0.267040 -0.466965 1.225366 0.628810 -1.256620 1.828277 0.515038 -0.375676 2.076776 0.112316 
ghost: -1.068648 1.307353 0.546523 -0.633596 1.216898 1.442373 -1.423251 1.819809 1.328601 -0.542306 2.068308 0.925879 
ghost: 0.485395 -0.383999 -1.144988 0.920447 -0.474454 -0.249137 0.130793 0.128457 -0.362910 1.011737 0.376956 -0.765632 
ghost: 0.318764 -0.392467 -0.331424 0.753816 -0.482922 0.564426 -0.035838 0.119989 0.450654 0.845106 0.368488 0.047932 
ghost: 0.152134 -0.400935 0.482139 0.587186 -0.491390 1.377989 -0.202469 0.111521 1.264217 0.678475 0.360020 0.861495 
ghost: 0.485102 0.456086 -1.163273 0.920154 0.365632 -0.267423 0.130499 0.968542 -0.381195 1.011444 1.217042 -0.783917 
ghost: 0.151840 0.439150 0.463853 0.586892 0.348696 1.359704 -0.202762 0.951607 1.245931 0.678182 1.200106 0.843209 
ghost: 0.484808 1.296172 -1.181559 0.919860 1.205717 -0.285709 0.130206 1.808628 -0.399481 1.011150 2.057128 -0.802203 
ghost: 0.318178 1.287704 -0.367996 0.753230 1.197249 0.527855 -0.036425 1.800160 0.414082 0.844520 2.048660 0.011360 
ghost: 0.151547 1.279236 0.445568 0.586599 1.188781 1.341418 -0.203056 1.791692 1.227646 0.677889 2.040192 0.824924 
ghost: 1.705590 -0.412116 -1.245943 2.140642 -0.502571 -0.350093 1.350988 0.100340 -0.463865 2.231932 0.348840 -0.866587 
ghost: 1.538959 -0.420584 -0.432380 1.974011 -0.511039 0.463470 1.184357 0.091872 0.349698 2.065301 0.340372 -0.053024 
ghost: 1.372329 -0.429052 0.381183 1.807381 -0.519507 1.277034 1.017726 0.083404 1.163261 1.898671 0.331904 0.760539 
ghost: 1.705297 0.427970 -1.264229 2.140349 0.337515 -0.368378 1.350694 0.940426 -0.482151 2.231639 1.188925 -0.884873 
ghost: 1.538666 0.419502 -0.450665 1.973718 0.329047 0.445185 1.184064 0.931958 0.331413 2.065008 1.180457 -0.071310 
ghost: 1.372035 0.411034 0.362898 1.807087 0.320579 1.258748 1.017433 0.923490 1.144976 1.898377 1.171989 0.742254 
ghost: 1.705004 1.268056 -1.282514 2.140056 1.177601 -0.386664 1.350401 1.780512 -0.500436 2.231345 2.029011 -0.903158 
ghost: 1.538373 1.259588 -0.468951 1.973425 1.169133 0.426899 1.183770 1.772044 0.313127 2.064715 2.020543 -0.089595 
ghost: 1.371742 1.251120 0.344612 1.806794 1.160665 1.240462 1.017140 1.763576 1.126690 1.898084 2.012075 0.723968 
