1.081107 0.448621 0.402172 
0.406367 1.413593 -0.212012 
0.391137 -0.152948 1.207727 
particle: 0.864774 1.649478 1.417782 0.617066 1.377015 0.488048 0.799654 0.679988 1.181457 1.549608 1.233603 0.819409 
particle: 0.413916 0.253505 1.579907 0.296586 0.365193 0.593115 1.080507 -0.143530 0.949020 1.032820 0.848346 1.066953 
particle: 0.513121 0.916495 -0.010409 1.112304 1.670439 -0.279757 1.294477 1.163461 0.562732 0.503182 1.772328 0.506747 
particle: 1.042905 0.940044 0.538082 0.173176 0.448227 0.497007 1.015252 -0.042885 0.719976 0.866185 0.298240 -0.208147 
ghost: -1.013836 -0.059788 0.019895 -1.261544 -0.332251 -0.909839 -1.078957 -1.029278 -0.216430 -0.329002 -0.475663 -0.578478 
ghost: -0.622700 -0.212736 1.227622 -0.870407 -0.485199 0.297888 -0.687820 -1.182226 0.991297 0.062134 -0.628611 0.629249 
ghost: -0.231563 -0.365684 2.435349 -0.479271 -0.638147 1.505615 -0.296684 -1.335174 2.199024 0.453271 -0.781559 1.836976 
ghost: -0.607469 1.353805 -0.192117 -0.855177 1.081341 -1.121851 -0.672590 0.384315 -0.428442 0.077365 0.937930 -0.790491 
ghost: -0.216333 1.200857 1.015610 -0.464040 0.928393 0.085876 -0.281453 0.231367 0.779285 0.468501 0.784982 0.417237 
ghost: 0.174804 1.047909 2.223337 -0.072904 0.775445 1.293603 0.109683 0.078419 1.987012 0.859638 0.632034 1.624964 
ghost: -0.201103 2.767397 -0.404129 -0.448810 2.494934 -1.333863 -0.266223 1.797908 -0.640454 0.483731 2.351523 -1.002503 
ghost: 0.190034 2.614449 0.803598 -0.057673 2.341986 -0.126136 0.124914 1.644960 0.567273 0.874868 2.198575 0.205224 
ghost: 0.581171 2.461501 2.011325 0.333463 2.189038 1.081591 0.516050 1.492012 1.775000 1.266005 2.045627 1.412951 
ghost: 0.067270 0.388833 0.422067 -0.180437 0.116370 -0.507667 0.002150 -0.580656 0.185742 0.752104 -0.027041 -0.176306 
ghost: 0.458407 0.235885 1.629794 0.210699 -0.036578 0.700060 0.393287 -0.733604 1.393469 1.143241 -0.179989 1.031421 
ghost: 0.849543 0.082937 2.837521 0.601836 -0.189526 1.907787 0.784423 -0.886552 2.601196 1.534377 -0.332937 2.239148 
ghost: 0.473637 1.802426 0.210055 0.225930 1.529963 -0.719679 0.408517 0.832936 -0.026270 1.158471 1.386551 -0.388318 
ghost: 1.255910 1.496530 2.625509 1.008203 1.224067 1.695775 1.190790 0.527040 2.389184 1.940744 1.080655 2.027136 
ghost: 0.880004 3.216019 -0.001957 0.632297 2.943556 -0.931691 0.814884 2.246529 -0.238282 1.564838 2.800144 -0.600331 
ghost: 1.271141 3.063071 1.205770 1.023433 2.790608 0.276036 1.206020 2.093581 0.969445 1.955975 2.647196 0.607396 
ghost: 1.662277 2.910123 2.413497 1.414570 2.637660 1.483763 1.597157 1.940633 2.177172 2.347111 2.494248 1.815124 
ghost: 1.148377 0.837455 0.824239 0.900670 0.564992 -0.105495 1.083257 -0.132035 0.587914 1.833211 0.421580 0.225866 
ghost: 1.539514 0.684507 2.031966 1.291806 0.412044 1.102232 1.474393 -0.284983 1.795641 2.224347 0.268632 1.433593 
ghost: 1.930650 0.531559 3.239693 1.682943 0.259096 2.309959 1.865530 -0.437931 3.003369 2.615484 0.115684 2.641320 
ghost: 1.554744 2.251047 0.612227 1.307037 1.978584 -0.317507 1.489624 1.281558 0.375902 2.239578 1.835173 0.013854 
ghost: 1.945880 2.098099 1.819954 1.698173 1.825636 0.890220 1.880760 1.128610 1.583629 2.630714 1.682225 1.221581 
ghost: 2.337017 1.945151 3.027681 2.089310 1.672688 2.097947 2.271897 0.975662 2.791356 3.021851 1.529277 2.429308 
ghost: 1.961111 3.664640 0.400215 1.713403 3.392177 -0.529519 1.895991 2.695151 0.163890 2.645945 3.248765 -0.198158 
ghost: 2.352247 3.511692 1.607942 2.104540 3.239229 0.678208 2.287127 2.542203 1.371617 3.037081 3.095817 1.009569 
ghost: 2.743384 3.358744 2.815669 2.495677 3.086281 1.885935 2.678264 2.389255 2.579344 3.428218 2.942869 2.217296 
ghost: -1.464695 -1.455761 0.182020 -1.582024 -1.344073 -0.804772 -0.798103 -1.852796 -0.448867 -0.845790 -0.860920 -0.330934 
ghost: -1.073558 -1.608709 1.389747 -1.190888 -1.497021 0.402955 -0.406966 -2.005744 0.758860 -0.454654 -1.013868 0.876793 
ghost: -0.682422 -1.761657 2.597474 -0.799751 -1.649969 1.610682 -0.015830 -2.158692 1.966587 -0.063517 -1.166816 2.084520 
ghost: -1.058328 -0.042169 -0.029992 -1.175657 0.069519 -1.016784 -0.391736 -0.439204 -0.660879 -0.439423 0.552672 -0.542946 
ghost: -0.667191 -0.195117 1.177735 -0.784521 -0.083429 0.190943 -0.000599 -0.592152 0.546848 -0.048287 0.399724 0.664781 
ghost: -0.276055 -0.348065 2.385462 -0.393384 -0.236377 1.398670 0.390537 -0.745100 1.754575 0.342850 0.246776 1.872508 
ghost: -0.651961 1.371424 -0.242004 -0.769290 1.483112 -1.228797 0.014631 0.974389 -0.872891 -0.033056 1.966265 -0.754958 
ghost: -0.260824 1.218476 0.965723 -0.378154 1.330164 -0.021070 0.405768 0.821441 0.334836 0.358080 1.813317 0.452769 
ghost: 0.130312 1.065528 2.173450 0.012983 1.177216 1.186657 0.796904 0.668493 1.542563 0.749217 1.660369 1.660496 
ghost: -0.383588 -1.007140 0.584192 -0.500917 -0.895452 -0.402600 0.283004 -1.404175 -0.046695 0.235316 -0.412299 0.071238 
ghost: 0.007549 -1.160088 1.791919 -0.109781 -1.048400 0.805127 0.674140 -1.557123 1.161032 0.626453 -0.565247 1.278965 
ghost: 0.398685 -1.313036 2.999646 0.281356 -1.201348 2.012854 1.065277 -1.710071 2.368759 1.017589 -0.718195 2.486692 
ghost: 0.022779 0.406453 0.372180 -0.094550 0.518141 -0.614612 0.689371 0.009418 -0.258707 0.641683 1.001294 -0.140774 
ghost: 0.805052 0.100557 2.787634 0.687723 0.212245 1.800842 1.471644 -0.296478 2.156747 1.423956 0.695398 2.274680 
ghost: 0.429146 1.820045 0.160168 0.311817 1.931733 -0.826624 1.095738 1.423011 -0.470719 1.048050 2.414886 -0.352786 
ghost: 0.820283 1.667097 1.367895 0.702953 1.778785 0.381103 1.486874 1.270063 0.737008 1.439187 2.261938 0.854941 
ghost: 1.211419 1.514149 2.575622 1.094090 1.625837 1.588830 1.878011 1.117115 1.944735 1.830323 2.108990 2.062668 
ghost: 0.697519 -0.558518 0.986364 0.580189 -0.446831 -0.000428 1.364111 -0.955553 0.355477 1.316423 0.036322 0.473410 
ghost: 1.088655 -0.711466 2.194091 0.971326 -0.599779 1.207299 1.755247 -1.108501 1.563204 1.707560 -0.116626 1.681138 
ghost: 1.479792 -0.864414 3.401819 1.362462 -0.752727 2.415026 2.146384 -1.261449 2.770931 2.098696 -0.269574 2.888865 
ghost: 1.103886 0.855074 0.774352 0.986556 0.966762 -0.212440 1.770477 0.458039 0.143465 1.722790 1.449915 0.261398 
ghost: 1.495022 0.702126 1.982079 1.377693 0.813814 0.995287 2.161614 0.305091 1.351192 2.113927 1.296967 1.469125 
ghost: 1.886159 0.549178 3.189806 1.768829 0.660866 2.203014 2.552751 0.152143 2.558919 2.505063 1.144019 2.676852 
ghost: 1.510253 2.268667 0.562340 1.392923 2.380355 -0.424452 2.176844 1.871632 -0.068547 2.129157 2.863508 0.049386 
ghost: 1.901389 2.115719 1.770067 1.784060 2.227407 0.783275 2.567981 1.718684 1.139180 2.520294 2.710560 1.257113 
ghost: 2.292526 1.962771 2.977794 2.175196 2.074459 1.991002 2.959118 1.565736 2.346907 2.911430 2.557612 2.464840 
ghost: -1.365489 -0.792771 -1.408296 -0.766306 -0.038827 -1.677644 -0.584134 -0.545805 -0.835155 -1.375428 0.063062 -0.891140 
ghost: -0.974353 -0.945719 -0.200569 -0.375170 -0.191775 -0.469917 -0.192997 -0.698753 0.372572 -0.984292 -0.089886 0.316587 
ghost: -0.583216 -1.098667 1.007158 0.015967 -0.344723 0.737810 0.198139 -0.851701 1.580299 -0.593155 -0.242834 1.524314 
ghost: -0.959122 0.620821 -1.620309 -0.359939 1.374765 -1.889656 -0.177767 0.867788 -1.047167 -0.969061 1.476654 -1.103152 
ghost: -0.567986 0.467873 -0.412581 0.031197 1.221817 -0.681929 0.213370 0.714840 0.160560 -0.577925 1.323706 0.104575 
ghost: -0.176849 0.314925 0.795146 0.422334 1.068869 0.525798 0.604506 0.561892 1.368287 -0.186788 1.170758 1.312302 
ghost: -0.552755 2.034414 -1.832321 0.046428 2.788358 -2.101668 0.228600 2.281381 -1.259180 -0.562694 2.890247 -1.315164 
ghost: -0.161619 1.881466 -0.624594 0.437564 2.635410 -0.893941 0.619737 2.128433 -0.051453 -0.171558 2.737299 -0.107437 
ghost: 0.229518 1.728518 0.583133 0.828701 2.482462 0.313786 1.010873 1.975485 1.156275 0.219579 2.584351 1.100290 
ghost: -0.284383 -0.344150 -1.006124 0.314800 0.409794 -1.275472 0.496973 -0.097183 -0.432983 -0.294322 0.511683 -0.488968 
ghost: 0.106754 -0.497098 0.201603 0.705937 0.256846 -0.067745 0.888110 -0.250131 0.774744 0.096815 0.358735 0.718759 
ghost: 0.497890 -0.650046 1.409330 1.097074 0.103898 1.139982 1.279246 -0.403079 1.982471 0.487951 0.205787 1.926486 
ghost: 0.121984 1.069443 -1.218136 0.721167 1.823387 -1.487484 0.903340 1.316409 -0.644995 0.112045 1.925276 -0.700980 
ghost: 0.904257 0.763547 1.197318 1.503440 1.517491 0.927970 1.685613 1.010513 1.770459 0.894318 1.619380 1.714474 
ghost: 0.528351 2.483035 -1.430149 1.127534 3.236979 -1.699496 1.309707 2.730002 -0.857007 0.518412 3.338868 -0.912992 
ghost: 0.919488 2.330087 -0.222421 1.518671 3.084031 -0.491769 1.700844 2.577054 0.350720 0.909549 3.185920 0.294735 
ghost: 1.310624 2.177139 0.985306 1.909807 2.931083 0.715958 2.091980 2.424106 1.558447 1.300685 3.032972 1.502462 
ghost: 0.796724 0.104472 -0.603952 1.395907 0.858416 -0.873300 1.578080 0.351438 -0.030811 0.786785 0.960305 -0.086795 
ghost: 1.187861 -0.048476 0.603775 1.787044 0.705468 0.334427 1.969216 0.198490 1.176916 1.177922 0.807357 1.120932 
ghost: 1.578997 -0.201424 1.811502 2.178180 0.552520 1.542154 2.360353 0.045542 2.384643 1.569058 0.654409 2.328659 
ghost: 1.203091 1.518064 -0.815964 1.802274 2.272008 -1.085312 1.984447 1.765031 -0.242823 1.193152 2.373897 -0.298808 
ghost: 1.594228 1.365116 0.391763 2.193411 2.119060 0.122415 2.375583 1.612083 0.964904 1.584289 2.220949 0.908919 
ghost: 1.985364 1.212168 1.599490 2.584547 1.966112 1.330142 2.766720 1.459135 2.172631 1.975425 2.068001 2.116646 
ghost: 1.609458 2.931657 -1.027976 2.208641 3.685601 -1.297324 2.390814 3.178623 -0.454835 1.599519 3.787490 -0.510820 
ghost: 2.000595 2.778709 0.179751 2.599778 3.532653 -0.089597 2.781950 3.025675 0.752892 1.990655 3.634542 0.696907 
ghost: 2.391731 2.625761 1.387478 2.990914 3.379705 1.118130 3.173087 2.872727 1.960619 2.381792 3.481594 1.904634 
ghost: -0.835706 -0.769222 -0.859805 -1.705435 -1.261039 -0.900880 -0.863358 -1.752151 -0.677911 -1.012425 -1.411026 -1.606034 
ghost: -0.444569 -0.922170 0.347922 -1.314298 -1.413987 0.306847 -0.472221 -1.905099 0.529816 -0.621289 -1.563974 -0.398307 
ghost: -0.053432 -1.075118 1.555649 -0.923162 -1.566935 1.514574 -0.081085 -2.058047 1.737543 -0.230152 -1.716922 0.809420 
ghost: -0.429339 0.644371 -1.071817 -1.299068 0.152554 -1.112893 -0.456991 -0.338559 -0.889923 -0.606058 0.002567 -1.818046 
ghost: -0.038202 0.491423 0.135910 -0.907931 -0.000394 0.094834 -0.065854 -0.491507 0.317804 -0.214922 -0.150381 -0.610319 
ghost: 0.352934 0.338475 1.343637 -0.516795 -0.153342 1.302562 0.325282 -0.644455 1.525531 0.176215 -0.303329 0.597408 
ghost: -0.022972 2.057963 -1.283829 -0.892701 1.566146 -1.324905 -0.050624 1.075034 -1.101936 -0.199691 1.416159 -2.030059 
ghost: 0.368165 1.905015 -0.076102 -0.501564 1.413198 -0.117178 0.340513 0.922086 0.105791 0.191445 1.263211 -0.822332 
ghost: 0.759301 1.752067 1.131625 -0.110428 1.260250 1.090549 0.731649 0.769138 1.313518 0.582582 1.110263 0.385396 
ghost: 0.245401 -0.320601 -0.457633 -0.624328 -0.812418 -0.498708 0.217749 -1.303530 -0.275739 0.068681 -0.962404 -1.203862 
ghost: 0.636538 -0.473549 0.750094 -0.233191 -0.965366 0.709019 0.608885 -1.456478 0.931988 0.459818 -1.115352 0.003865 
ghost: 1.027674 -0.626497 1.957821 0.157945 -1.118314 1.916746 1.000022 -1.609426 2.139715 0.850954 -1.268300 1.211592 
ghost: 0.651768 1.092992 -0.669645 -0.217961 0.601175 -0.710720 0.624116 0.110063 -0.487751 0.475048 0.451188 -1.415874 
ghost: 1.434041 0.787096 1.745809 0.564312 0.295279 1.704734 1.406389 -0.195833 1.927703 1.257321 0.145292 0.999580 
ghost: 1.058135 2.506585 -0.881657 0.188406 2.014768 -0.922733 1.030483 1.523655 -0.699763 0.881415 1.864781 -1.627886 
ghost: 1.449272 2.353637 0.326070 0.579542 1.861820 0.284994 1.421619 1.370707 0.507964 1.272552 1.711833 -0.420159 
ghost: 1.840408 2.200689 1.533797 0.970679 1.708872 1.492722 1.812756 1.217759 1.715691 1.663688 1.558885 0.787568 
ghost: 1.326508 0.128021 -0.055461 0.456779 -0.363796 -0.096536 1.298856 -0.854908 0.126433 1.149788 -0.513783 -0.801690 
ghost: 1.717644 -0.024927 1.152266 0.847915 -0.516744 1.111191 1.689992 -1.007856 1.334160 1.540925 -0.666731 0.406037 
ghost: 2.108781 -0.177875 2.359993 1.239052 -0.669692 2.318918 2.081129 -1.160805 2.541887 1.932061 -0.819679 1.613764 
ghost: 1.732875 1.541613 -0.267473 0.863146 1.049796 -0.308548 1.705223 0.558684 -0.085579 1.556155 0.899810 -1.013702 
ghost: 2.124011 1.388665 0.940254 1.254282 0.896848 0.899179 2.096359 0.405736 1.122148 1.947292 0.746862 0.194025 
ghost: 2.515148 1.235717 2.147981 1.645419 0.743900 2.106906 2.487496 0.252788 2.329875 2.338428 0.593914 1.401752 
ghost: 2.139242 2.955206 -0.479485 1.269513 2.463389 -0.520560 2.111590 1.972277 -0.297591 1.962522 2.313402 -1.225714 
ghost: 2.530378 2.802258 0.728242 1.660649 2.310441 0.687167 2.502726 1.819329 0.910136 2.353659 2.160454 -0.017987 
ghost: 2.921515 2.649310 1.935969 2.051786 2.157493 1.894894 2.893863 1.666381 2.117863 2.744795 2.007506 1.189740 
