4.000000 0.000000 0.000000 
0.000000 4.000000 0.000000 
0.000000 0.000000 4.000000 
particle: 0.548681 0.399646 0.526863 0.264521 0.263743 -0.422233 -0.417606 0.262442 0.309000 0.226723 -0.497671 0.224929 
particle: 0.274305 1.182293 4.350020 -0.077615 0.340177 3.941371 0.893764 0.419296 4.165343 0.510826 0.947194 3.407266 
particle: 0.556355 3.284352 0.685690 0.645490 4.168005 0.226110 1.022772 4.041236 1.143491 0.032183 4.071767 1.010070 
particle: 3.346417 3.980407 3.609899 3.853341 3.635902 4.400054 4.340554 4.081269 3.648874 3.934569 3.177223 3.515173 
ghost: -3.451319 -3.600354 -3.473137 -3.735479 -3.736257 -4.422233 -4.417606 -3.737558 -3.691000 -3.773277 -4.497671 -3.775071 
ghost: -3.451319 -3.600354 0.526863 -3.735479 -3.736257 -0.422233 -4.417606 -3.737558 0.309000 -3.773277 -4.497671 0.224929 
ghost: -3.451319 -3.600354 4.526863 -3.735479 -3.736257 3.577767 -4.417606 -3.737558 4.309000 -3.773277 -4.497671 4.224929 
ghost: -3.451319 0.399646 -3.473137 -3.735479 0.263743 -4.422233 -4.417606 0.262442 -3.691000 -3.773277 -0.497671 -3.775071 
ghost: -3.451319 0.399646 0.526863 -3.735479 0.263743 -0.422233 -4.417606 0.262442 0.309000 -3.773277 -0.497671 0.224929 
ghost: -3.451319 0.399646 4.526863 -3.735479 0.263743 3.577767 -4.417606 0.262442 4.309000 -3.773277 -0.497671 4.224929 
ghost: -3.451319 4.399646 -3.473137 -3.735479 4.263743 -4.422233 -4.417606 4.262442 -3.691000 -3.773277 3.502329 -3.775071 
ghost: -3.451319 4.399646 0.526863 -3.735479 4.263743 -0.422233 -4.417606 4.262442 0.309000 -3.773277 3.502329 0.224929 
ghost: -3.451319 4.399646 4.526863 -3.735479 4.263743 3.577767 -4.417606 4.262442 4.309000 -3.773277 3.502329 4.224929 
ghost: 0.548681 -3.600354 -3.473137 0.264521 -3.736257 -4.422233 -0.417606 -3.737558 -3.691000 0.226723 -4.497671 -3.775071 
ghost: 0.548681 -3.600354 0.526863 0.264521 -3.736257 -0.422233 -0.417606 -3.737558 0.309000 0.226723 -4.497671 0.224929 
ghost: 0.548681 -3.600354 4.526863 0.264521 -3.736257 3.577767 -0.417606 -3.737558 4.309000 0.226723 -4.497671 4.224929 
ghost: 0.548681 0.399646 -3.473137 0.264521 0.263743 -4.422233 -0.417606 0.262442 -3.691000 0.226723 -0.497671 -3.775071 
ghost: 0.548681 0.399646 4.526863 0.264521 0.263743 3.577767 -0.417606 0.262442 4.309000 0.226723 -0.497671 4.224929 
ghost: 0.548681 4.399646 -3.473137 0.264521 4.263743 -4.422233 -0.417606 4.262442 -3.691000 0.226723 3.502329 -3.775071 
ghost: 0.548681 4.399646 0.526863 0.264521 4.263743 -0.422233 -0.417606 4.262442 0.309000 0.226723 3.502329 0.224929 
ghost: 0.548681 4.399646 4.526863 0.264521 4.263743 3.577767 -0.417606 4.262442 4.309000 0.226723 3.502329 4.224929 
ghost: 4.548681 -3.600354 -3.473137 4.264521 -3.736257 -4.422233 3.582394 -3.737558 -3.691000 4.226723 -4.497671 -3.775071 
ghost: 4.548681 -3.600354 0.526863 4.264521 -3.736257 -0.422233 3.582394 -3.737558 0.309000 4.226723 -4.497671 0.224929 
ghost: 4.548681 -3.600354 4.526863 4.264521 -3.736257 3.577767 3.582394 -3.737558 4.309000 4.226723 -4.497671 4.224929 
ghost: 4.548681 0.399646 -3.473137 4.264521 0.263743 -4.422233 3.582394 0.262442 -3.691000 4.226723 -0.497671 -3.775071 
ghost: 4.548681 0.399646 0.526863 4.264521 0.263743 -0.422233 3.582394 0.262442 0.309000 4.226723 -0.497671 0.224929 
ghost: 4.548681 0.399646 4.526863 4.264521 0.263743 3.577767 3.582394 0.262442 4.309000 4.226723 -0.497671 4.224929 
ghost: 4.548681 4.399646 -3.473137 4.264521 4.263743 -4.422233 3.582394 4.262442 -3.691000 4.226723 3.502329 -3.775071 
ghost: 4.548681 4.399646 0.526863 4.264521 4.263743 -0.422233 3.582394 4.262442 0.309000 4.226723 3.502329 0.224929 
ghost: 4.548681 4.399646 4.526863 4.264521 4.263743 3.577767 3.582394 4.262442 4.309000 4.226723 3.502329 4.224929 
ghost: -3.725695 -2.817707 0.350020 -4.077615 -3.659823 -0.058629 -3.106236 -3.580704 0.165343 -3.489174 -3.052806 -0.592734 
ghost: -3.725695 -2.817707 4.350020 -4.077615 -3.659823 3.941371 -3.106236 -3.580704 4.165343 -3.489174 -3.052806 3.407266 
ghost: -3.725695 -2.817707 8.350020 -4.077615 -3.659823 7.941371 -3.106236 -3.580704 8.165343 -3.489174 -3.052806 7.407266 
ghost: -3.725695 1.182293 0.350020 -4.077615 0.340177 -0.058629 -3.106236 0.419296 0.165343 -3.489174 0.947194 -0.592734 
ghost: -3.725695 1.182293 4.350020 -4.077615 0.340177 3.941371 -3.106236 0.419296 4.165343 -3.489174 0.947194 3.407266 
ghost: -3.725695 1.182293 8.350020 -4.077615 0.340177 7.941371 -3.106236 0.419296 8.165343 -3.489174 0.947194 7.407266 
ghost: -3.725695 5.182293 0.350020 -4.077615 4.340177 -0.058629 -3.106236 4.419296 0.165343 -3.489174 4.947194 -0.592734 
ghost: -3.725695 5.182293 4.350020 -4.077615 4.340177 3.941371 -3.106236 4.419296 4.165343 -3.489174 4.947194 3.407266 
ghost: -3.725695 5.182293 8.350020 -4.077615 4.340177 7.941371 -3.106236 4.419296 8.165343 -3.489174 4.947194 7.407266 
ghost: 0.274305 -2.817707 0.350020 -0.077615 -3.659823 -0.058629 0.893764 -3.580704 0.165343 0.510826 -3.052806 -0.592734 
ghost: 0.274305 -2.817707 4.350020 -0.077615 -3.659823 3.941371 0.893764 -3.580704 4.165343 0.510826 -3.052806 3.407266 
ghost: 0.274305 -2.817707 8.350020 -0.077615 -3.659823 7.941371 0.893764 -3.580704 8.165343 0.510826 -3.052806 7.407266 
ghost: 0.274305 1.182293 0.350020 -0.077615 0.340177 -0.058629 0.893764 0.419296 0.165343 0.510826 0.947194 -0.592734 
ghost: 0.274305 1.182293 8.350020 -0.077615 0.340177 7.941371 0.893764 0.419296 8.165343 0.510826 0.947194 7.407266 
ghost: 0.274305 5.182293 0.350020 -0.077615 4.340177 -0.058629 0.893764 4.419296 0.165343 0.510826 4.947194 -0.592734 
ghost: 0.274305 5.182293 4.350020 -0.077615 4.340177 3.941371 0.893764 4.419296 4.165343 0.510826 4.947194 3.407266 
ghost: 0.274305 5.182293 8.350020 -0.077615 4.340177 7.941371 0.893764 4.419296 8.165343 0.510826 4.947194 7.407266 
ghost: 4.274305 -2.817707 0.350020 3.922385 -3.659823 -0.058629 4.893764 -3.580704 0.165343 4.510826 -3.052806 -0.592734 
ghost: 4.274305 -2.817707 4.350020 3.922385 -3.659823 3.941371 4.893764 -3.580704 4.165343 4.510826 -3.052806 3.407266 
ghost: 4.274305 -2.817707 8.350020 3.922385 -3.659823 7.941371 4.893764 -3.580704 8.165343 4.510826 -3.052806 7.407266 
ghost: 4.274305 1.182293 0.350020 3.922385 0.340177 -0.058629 4.893764 0.419296 0.165343 4.510826 0.947194 -0.592734 
ghost: 4.274305 1.182293 4.350020 3.922385 0.340177 3.941371 4.893764 0.419296 4.165343 4.510826 0.947194 3.407266 
ghost: 4.274305 1.182293 8.350020 3.922385 0.340177 7.941371 4.893764 0.419296 8.165343 4.510826 0.947194 7.407266 
ghost: 4.274305 5.182293 0.350020 3.922385 4.340177 -0.058629 4.893764 4.419296 0.165343 4.510826 4.947194 -0.592734 
ghost: 4.274305 5.182293 4.350020 3.922385 4.340177 3.941371 4.893764 4.419296 4.165343 4.510826 4.947194 3.407266 
ghost: 4.274305 5.182293 8.350020 3.922385 4.340177 7.941371 4.893764 4.419296 8.165343 4.510826 4.947194 7.407266 
ghost: -3.443645 -0.715648 -3.314310 -3.354510 0.168005 -3.773890 -2.977228 0.041236 -2.856509 -3.967817 0.071767 -2.989930 
ghost: -3.443645 -0.715648 0.685690 -3.354510 0.168005 0.226110 -2.977228 0.041236 1.143491 -3.967817 0.071767 1.010070 
ghost: -3.443645 -0.715648 4.685690 -3.354510 0.168005 4.226110 -2.977228 0.041236 5.143491 -3.967817 0.071767 5.010070 
ghost: -3.443645 3.284352 -3.314310 -3.354510 4.168005 -3.773890 -2.977228 4.041236 -2.856509 -3.967817 4.071767 -2.989930 
ghost: -3.443645 3.284352 0.685690 -3.354510 4.168005 0.226110 -2.977228 4.041236 1.143491 -3.967817 4.071767 1.010070 
ghost: -3.443645 3.284352 4.685690 -3.354510 4.168005 4.226110 -2.977228 4.041236 5.143491 -3.967817 4.071767 5.010070 
ghost: -3.443645 7.284352 -3.314310 -3.354510 8.168005 -3.773890 -2.977228 8.041236 -2.856509 -3.967817 8.071767 -2.989930 
ghost: -3.443645 7.284352 0.685690 -3.354510 8.168005 0.226110 -2.977228 8.041236 1.143491 -3.967817 8.071767 1.010070 
ghost: -3.443645 7.284352 4.685690 -3.354510 8.168005 4.226110 -2.977228 8.041236 5.143491 -3.967817 8.071767 5.010070 
ghost: 0.556355 -0.715648 -3.314310 0.645490 0.168005 -3.773890 1.022772 0.041236 -2.856509 0.032183 0.071767 -2.989930 
ghost: 0.556355 -0.715648 0.685690 0.645490 0.168005 0.226110 1.022772 0.041236 1.143491 0.032183 0.071767 1.010070 
ghost: 0.556355 -0.715648 4.685690 0.645490 0.168005 4.226110 1.022772 0.041236 5.143491 0.032183 0.071767 5.010070 
ghost: 0.556355 3.284352 -3.314310 0.645490 4.168005 -3.773890 1.022772 4.041236 -2.856509 0.032183 4.071767 -2.989930 
ghost: 0.556355 3.284352 4.685690 0.645490 4.168005 4.226110 1.022772 4.041236 5.143491 0.032183 4.071767 5.010070 
ghost: 0.556355 7.284352 -3.314310 0.645490 8.168005 -3.773890 1.022772 8.041236 -2.856509 0.032183 8.071767 -2.989930 
ghost: 0.556355 7.284352 0.685690 0.645490 8.168005 0.226110 1.022772 8.041236 1.143491 0.032183 8.071767 1.010070 
ghost: 0.556355 7.284352 4.685690 0.645490 8.168005 4.226110 1.022772 8.041236 5.143491 0.032183 8.071767 5.010070 
ghost: 4.556355 -0.715648 -3.314310 4.645490 0.168005 -3.773890 5.022772 0.041236 -2.856509 4.032183 0.071767 -2.989930 
ghost: 4.556355 -0.715648 0.685690 4.645490 0.168005 0.226110 5.022772 0.041236 1.143491 4.032183 0.071767 1.010070 
ghost: 4.556355 -0.715648 4.685690 4.645490 0.168005 4.226110 5.022772 0.041236 5.143491 4.032183 0.071767 5.010070 
ghost: 4.556355 3.284352 -3.314310 4.645490 4.168005 -3.773890 5.022772 4.041236 -2.856509 4.032183 4.071767 -2.989930 
ghost: 4.556355 3.284352 0.685690 4.645490 4.168005 0.226110 5.022772 4.041236 1.143491 4.032183 4.071767 1.010070 
ghost: 4.556355 3.284352 4.685690 4.645490 4.168005 4.226110 5.022772 4.041236 5.143491 4.032183 4.071767 5.010070 
ghost: 4.556355 7.284352 -3.314310 4.645490 8.168005 -3.773890 5.022772 8.041236 -2.856509 4.032183 8.071767 -2.989930 
ghost: 4.556355 7.284352 0.685690 4.645490 8.168005 0.226110 5.022772 8.041236 1.143491 4.032183 8.071767 1.010070 
ghost: 4.556355 7.284352 4.685690 4.645490 8.168005 4.226110 5.022772 8.041236 5.143491 4.032183 8.071767 5.010070 
ghost: -0.653583 -0.019593 -0.390101 -0.146659 -0.364098 0.400054 0.340554 0.081269 -0.351126 -0.065431 -0.822777 -0.484827 
ghost: -0.653583 -0.019593 3.609899 -0.146659 -0.364098 4.400054 0.340554 0.081269 3.648874 -0.065431 -0.822777 3.515173 
ghost: -0.653583 -0.019593 7.609899 -0.146659 -0.364098 8.400054 0.340554 0.081269 7.648874 -0.065431 -0.822777 7.515173 
ghost: -0.653583 3.980407 -0.390101 -0.146659 3.635902 0.400054 0.340554 4.081269 -0.351126 -0.065431 3.177223 -0.484827 
ghost: -0.653583 3.980407 3.609899 -0.146659 3.635902 4.400054 0.340554 4.081269 3.648874 -0.065431 3.177223 3.515173 
ghost: -0.653583 3.980407 7.609899 -0.146659 3.635902 8.400054 0.340554 4.081269 7.648874 -0.065431 3.177223 7.515173 
ghost: -0.653583 7.980407 -0.390101 -0.146659 7.635902 0.400054 0.340554 8.081269 -0.351126 -0.065431 7.177223 -0.484827 
ghost: -0.653583 7.980407 3.609899 -0.146659 7.635902 4.400054 0.340554 8.081269 3.648874 -0.065431 7.177223 3.515173 
ghost: -0.653583 7.980407 7.609899 -0.146659 7.635902 8.400054 0.340554 8.081269 7.648874 -0.065431 7.177223 7.515173 
ghost: 3.346417 -0.019593 -0.390101 3.853341 -0.364098 0.400054 4.340554 0.081269 -0.351126 3.934569 -0.822777 -0.484827 
ghost: 3.346417 -0.019593 3.609899 3.853341 -0.364098 4.400054 4.340554 0.081269 3.648874 3.934569 -0.822777 3.515173 
ghost: 3.346417 -0.019593 7.609899 3.853341 -0.364098 8.400054 4.340554 0.081269 7.648874 3.934569 -0.822777 7.515173 
ghost: 3.346417 3.980407 -0.390101 3.853341 3.635902 0.400054 4.340554 4.081269 -0.351126 3.934569 3.177223 -0.484827 
ghost: 3.346417 3.980407 7.609899 3.853341 3.635902 8.400054 4.340554 4.081269 7.648874 3.934569 3.177223 7.515173 
ghost: 3.346417 7.980407 -0.390101 3.853341 7.635902 0.400054 4.340554 8.081269 -0.351126 3.934569 7.177223 -0.484827 
ghost: 3.346417 7.980407 3.609899 3.853341 7.635902 4.400054 4.340554 8.081269 3.648874 3.934569 7.177223 3.515173 
ghost: 3.346417 7.980407 7.609899 3.853341 7.635902 8.400054 4.340554 8.081269 7.648874 3.934569 7.177223 7.515173 
ghost: 7.346417 -0.019593 -0.390101 7.853341 -0.364098 0.400054 8.340554 0.081269 -0.351126 7.934569 -0.822777 -0.484827 
ghost: 7.346417 -0.019593 3.609899 7.853341 -0.364098 4.400054 8.340554 0.081269 3.648874 7.934569 -0.822777 3.515173 
ghost: 7.346417 -0.019593 7.609899 7.853341 -0.364098 8.400054 8.340554 0.081269 7.648874 7.934569 -0.822777 7.515173 
ghost: 7.346417 3.980407 -0.390101 7.853341 3.635902 0.400054 8.340554 4.081269 -0.351126 7.934569 3.177223 -0.484827 
ghost: 7.346417 3.980407 3.609899 7.853341 3.635902 4.400054 8.340554 4.081269 3.648874 7.934569 3.177223 3.515173 
ghost: 7.346417 3.980407 7.609899 7.853341 3.635902 8.400054 8.340554 4.081269 7.648874 7.934569 3.177223 7.515173 
ghost: 7.346417 7.980407 -0.390101 7.853341 7.635902 0.400054 8.340554 8.081269 -0.351126 7.934569 7.177223 -0.484827 
ghost: 7.346417 7.980407 3.609899 7.853341 7.635902 4.400054 8.340554 8.081269 3.648874 7.934569 7.177223 3.515173 
ghost: 7.346417 7.980407 7.609899 7.853341 7.635902 8.400054 8.340554 8.081269 7.648874 7.934569 7.177223 7.515173 
