4.000000 0.000000 0.000000 
0.000000 4.000000 0.000000 
0.000000 0.000000 4.000000 
particle: 0.008100 -0.086489 -0.359394 0.485526 0.655469 0.111310 0.500745 -0.269352 0.491407 -0.344851 0.264212 0.508037 
particle: 3.767549 -0.055642 4.401956 3.572165 -0.120486 3.423375 3.531289 0.766313 3.883718 2.833637 0.074216 4.068872 
particle: 0.054812 3.829698 1.045334 0.841901 3.725238 0.437403 -0.043447 3.337966 0.180149 0.481055 2.932618 0.928874 
particle: 3.737121 3.438835 4.212003 3.175215 3.452960 3.384922 4.132015 3.166614 3.334532 3.905409 4.125591 3.504863 
ghost: -3.991900 -4.086489 -4.359394 -3.514474 -3.344531 -3.888690 -3.499255 -4.269352 -3.508593 -4.344851 -3.735788 -3.491963 
ghost: -3.991900 -4.086489 -0.359394 -3.514474 -3.344531 0.111310 -3.499255 -4.269352 0.491407 -4.344851 -3.735788 0.508037 
ghost: -3.991900 -4.086489 3.640606 -3.514474 -3.344531 4.111310 -3.499255 -4.269352 4.491407 -4.344851 -3.735788 4.508037 
ghost: -3.991900 -0.086489 -4.359394 -3.514474 0.655469 -3.888690 -3.499255 -0.269352 -3.508593 -4.344851 0.264212 -3.491963 
ghost: -3.991900 -0.086489 -0.359394 -3.514474 0.655469 0.111310 -3.499255 -0.269352 0.491407 -4.344851 0.264212 0.508037 
ghost: -3.991900 -0.086489 3.640606 -3.514474 0.655469 4.111310 -3.499255 -0.269352 4.491407 -4.344851 0.264212 4.508037 
ghost: -3.991900 3.913511 -4.359394 -3.514474 4.655469 -3.888690 -3.499255 3.730648 -3.508593 -4.344851 4.264212 -3.491963 
ghost: -3.991900 3.913511 -0.359394 -3.514474 4.655469 0.111310 -3.499255 3.730648 0.491407 -4.344851 4.264212 0.508037 
ghost: -3.991900 3.913511 3.640606 -3.514474 4.655469 4.111310 -3.499255 3.730648 4.491407 -4.344851 4.264212 4.508037 
ghost: 0.008100 -4.086489 -4.359394 0.485526 -3.344531 -3.888690 0.500745 -4.269352 -3.508593 -0.344851 -3.735788 -3.491963 
ghost: 0.008100 -4.086489 -0.359394 0.485526 -3.344531 0.111310 0.500745 -4.269352 0.491407 -0.344851 -3.735788 0.508037 
ghost: 0.008100 -4.086489 3.640606 0.485526 -3.344531 4.111310 0.500745 -4.269352 4.491407 -0.344851 -3.735788 4.508037 
ghost: 0.008100 -0.086489 -4.359394 0.485526 0.655469 -3.888690 0.500745 -0.269352 -3.508593 -0.344851 0.264212 -3.491963 
ghost: 0.008100 -0.086489 3.640606 0.485526 0.655469 4.111310 0.500745 -0.269352 4.491407 -0.344851 0.264212 4.508037 
ghost: 0.008100 3.913511 -4.359394 0.485526 4.655469 -3.888690 0.500745 3.730648 -3.508593 -0.344851 4.264212 -3.491963 
ghost: 0.008100 3.913511 -0.359394 0.485526 4.655469 0.111310 0.500745 3.730648 0.491407 -0.344851 4.264212 0.508037 
ghost: 0.008100 3.913511 3.640606 0.485526 4.655469 4.111310 0.500745 3.730648 4.491407 -0.344851 4.264212 4.508037 
ghost: 4.008100 -4.086489 -4.359394 4.485526 -3.344531 -3.888690 4.500745 -4.269352 -3.508593 3.655149 -3.735788 -3.491963 
ghost: 4.008100 -4.086489 -0.359394 4.485526 -3.344531 0.111310 4.500745 -4.269352 0.491407 3.655149 -3.735788 0.508037 
ghost: 4.008100 -4.086489 3.640606 4.485526 -3.344531 4.111310 4.500745 -4.269352 4.491407 3.655149 -3.735788 4.508037 
ghost: 4.008100 -0.086489 -4.359394 4.485526 0.655469 -3.888690 4.500745 -0.269352 -3.508593 3.655149 0.264212 -3.491963 
ghost: 4.008100 -0.086489 -0.359394 4.485526 0.655469 0.111310 4.500745 -0.269352 0.491407 3.655149 0.264212 0.508037 
ghost: 4.008100 -0.086489 3.640606 4.485526 0.655469 4.111310 4.500745 -0.269352 4.491407 3.655149 0.264212 4.508037 
ghost: 4.008100 3.913511 -4.359394 4.485526 4.655469 -3.888690 4.500745 3.730648 -3.508593 3.655149 4.264212 -3.491963 
ghost: 4.008100 3.913511 -0.359394 4.485526 4.655469 0.111310 4.500745 3.730648 0.491407 3.655149 4.264212 0.508037 
ghost: 4.008100 3.913511 3.640606 4.485526 4.655469 4.111310 4.500745 3.730648 4.491407 3.655149 4.264212 4.508037 
ghost: -0.232451 -4.055642 0.401956 -0.427835 -4.120486 -0.576625 -0.468711 -3.233687 -0.116282 -1.166363 -3.925784 0.068872 
ghost: -0.232451 -4.055642 4.401956 -0.427835 -4.120486 3.423375 -0.468711 -3.233687 3.883718 -1.166363 -3.925784 4.068872 
ghost: -0.232451 -4.055642 8.401956 -0.427835 -4.120486 7.423375 -0.468711 -3.233687 7.883718 -1.166363 -3.925784 8.068872 
ghost: -0.232451 -0.055642 0.401956 -0.427835 -0.120486 -0.576625 -0.468711 0.766313 -0.116282 -1.166363 0.074216 0.068872 
ghost: -0.232451 -0.055642 4.401956 -0.427835 -0.120486 3.423375 -0.468711 0.766313 3.883718 -1.166363 0.074216 4.068872 
ghost: -0.232451 -0.055642 8.401956 -0.427835 -0.120486 7.423375 -0.468711 0.766313 7.883718 -1.166363 0.074216 8.068872 
ghost: -0.232451 3.944358 0.401956 -0.427835 3.879514 -0.576625 -0.468711 4.766313 -0.116282 -1.166363 4.074216 0.068872 
ghost: -0.232451 3.944358 4.401956 -0.427835 3.879514 3.423375 -0.468711 4.766313 3.883718 -1.166363 4.074216 4.068872 
ghost: -0.232451 3.944358 8.401956 -0.427835 3.879514 7.423375 -0.468711 4.766313 7.883718 -1.166363 4.074216 8.068872 
ghost: 3.767549 -4.055642 0.401956 3.572165 -4.120486 -0.576625 3.531289 -3.233687 -0.116282 2.833637 -3.925784 0.068872 
ghost: 3.767549 -4.055642 4.401956 3.572165 -4.120486 3.423375 3.531289 -3.233687 3.883718 2.833637 -3.925784 4.068872 
ghost: 3.767549 -4.055642 8.401956 3.572165 -4.120486 7.423375 3.531289 -3.233687 7.883718 2.833637 -3.925784 8.068872 
ghost: 3.767549 -0.055642 0.401956 3.572165 -0.120486 -0.576625 3.531289 0.766313 -0.116282 2.833637 0.074216 0.068872 
ghost: 3.767549 -0.055642 8.401956 3.572165 -0.120486 7.423375 3.531289 0.766313 7.883718 2.833637 0.074216 8.068872 
ghost: 3.767549 3.944358 0.401956 3.572165 3.879514 -0.576625 3.531289 4.766313 -0.116282 2.833637 4.074216 0.068872 
ghost: 3.767549 3.944358 4.401956 3.572165 3.879514 3.423375 3.531289 4.766313 3.883718 2.833637 4.074216 4.068872 
ghost: 3.767549 3.944358 8.401956 3.572165 3.879514 7.423375 3.531289 4.766313 7.883718 2.833637 4.074216 8.068872 
ghost: 7.767549 -4.055642 0.401956 7.572165 -4.120486 -0.576625 7.531289 -3.233687 -0.116282 6.833637 -3.925784 0.068872 
ghost: 7.767549 -4.055642 4.401956 7.572165 -4.120486 3.423375 7.531289 -3.233687 3.883718 6.833637 -3.925784 4.068872 
ghost: 7.767549 -4.055642 8.401956 7.572165 -4.120486 7.423375 7.531289 -3.233687 7.883718 6.833637 -3.925784 8.068872 
ghost: 7.767549 -0.055642 0.401956 7.572165 -0.120486 -0.576625 7.531289 0.766313 -0.116282 6.833637 0.074216 0.068872 
ghost: 7.767549 -0.055642 4.401956 7.572165 -0.120486 3.423375 7.531289 0.766313 3.883718 6.833637 0.074216 4.068872 
ghost: 7.767549 -0.055642 8.401956 7.572165 -0.120486 7.423375 7.531289 0.766313 7.883718 6.833637 0.074216 8.068872 
ghost: 7.767549 3.944358 0.401956 7.572165 3.879514 -0.576625 7.531289 4.766313 -0.116282 6.833637 4.074216 0.068872 
ghost: 7.767549 3.944358 4.401956 7.572165 3.879514 3.423375 7.531289 4.766313 3.883718 6.833637 4.074216 4.068872 
ghost: 7.767549 3.944358 8.401956 7.572165 3.879514 7.423375 7.531289 4.766313 7.883718 6.833637 4.074216 8.068872 
ghost: -3.945188 -0.170302 -2.954666 -3.158099 -0.274762 -3.562597 -4.043447 -0.662034 -3.819851 -3.518945 -1.067382 -3.071126 
ghost: -3.945188 -0.170302 1.045334 -3.158099 -0.274762 0.437403 -4.043447 -0.662034 0.180149 -3.518945 -1.067382 0.928874 
ghost: -3.945188 -0.170302 5.045334 -3.158099 -0.274762 4.437403 -4.043447 -0.662034 4.180149 -3.518945 -1.067382 4.928874 
ghost: -3.945188 3.829698 -2.954666 -3.158099 3.725238 -3.562597 -4.043447 3.337966 -3.819851 -3.518945 2.932618 -3.071126 
ghost: -3.945188 3.829698 1.045334 -3.158099 3.725238 0.437403 -4.043447 3.337966 0.180149 -3.518945 2.932618 0.928874 
ghost: -3.945188 3.829698 5.045334 -3.158099 3.725238 4.437403 -4.043447 3.337966 4.180149 -3.518945 2.932618 4.928874 
ghost: -3.945188 7.829698 -2.954666 -3.158099 7.725238 -3.562597 -4.043447 7.337966 -3.819851 -3.518945 6.932618 -3.071126 
ghost: -3.945188 7.829698 1.045334 -3.158099 7.725238 0.437403 -4.043447 7.337966 0.180149 -3.518945 6.932618 0.928874 
ghost: -3.945188 7.829698 5.045334 -3.158099 7.725238 4.437403 -4.043447 7.337966 4.180149 -3.518945 6.932618 4.928874 
ghost: 0.054812 -0.170302 -2.954666 0.841901 -0.274762 -3.562597 -0.043447 -0.662034 -3.819851 0.481055 -1.067382 -3.071126 
ghost: 0.054812 -0.170302 1.045334 0.841901 -0.274762 0.437403 -0.043447 -0.662034 0.180149 0.481055 -1.067382 0.928874 
ghost: 0.054812 -0.170302 5.045334 0.841901 -0.274762 4.437403 -0.043447 -0.662034 4.180149 0.481055 -1.067382 4.928874 
ghost: 0.054812 3.829698 -2.954666 0.841901 3.725238 -3.562597 -0.043447 3.337966 -3.819851 0.481055 2.932618 -3.071126 
ghost: 0.054812 3.829698 5.045334 0.841901 3.725238 4.437403 -0.043447 3.337966 4.180149 0.481055 2.932618 4.928874 
ghost: 0.054812 7.829698 -2.954666 0.841901 7.725238 -3.562597 -0.043447 7.337966 -3.819851 0.481055 6.932618 -3.071126 
ghost: 0.054812 7.829698 1.045334 0.841901 7.725238 0.437403 -0.043447 7.337966 0.180149 0.481055 6.932618 0.928874 
ghost: 0.054812 7.829698 5.045334 0.841901 7.725238 4.437403 -0.043447 7.337966 4.180149 0.481055 6.932618 4.928874 
ghost: 4.054812 -0.170302 -2.954666 4.841901 -0.274762 -3.562597 3.956553 -0.662034 -3.819851 4.481055 -1.067382 -3.071126 
ghost: 4.054812 -0.170302 1.045334 4.841901 -0.274762 0.437403 3.956553 -0.662034 0.180149 4.481055 -1.067382 0.928874 
ghost: 4.054812 -0.170302 5.045334 4.841901 -0.274762 4.437403 3.956553 -0.662034 4.180149 4.481055 -1.067382 4.928874 
ghost: 4.054812 3.829698 -2.954666 4.841901 3.725238 -3.562597 3.956553 3.337966 -3.819851 4.481055 2.932618 -3.071126 
ghost: 4.054812 3.829698 1.045334 4.841901 3.725238 0.437403 3.956553 3.337966 0.180149 4.481055 2.932618 0.928874 
ghost: 4.054812 3.829698 5.045334 4.841901 3.725238 4.437403 3.956553 3.337966 4.180149 4.481055 2.932618 4.928874 
ghost: 4.054812 7.829698 -2.954666 4.841901 7.725238 -3.562597 3.956553 7.337966 -3.819851 4.481055 6.932618 -3.071126 
ghost: 4.054812 7.829698 1.045334 4.841901 7.725238 0.437403 3.956553 7.337966 0.180149 4.481055 6.932618 0.928874 
ghost: 4.054812 7.829698 5.045334 4.841901 7.725238 4.437403 3.956553 7.337966 4.180149 4.481055 6.932618 4.928874 
ghost: -0.262879 -0.561165 0.212003 -0.824785 -0.547040 -0.615078 0.132015 -0.833386 -0.665468 -0.094591 0.125591 -0.495137 
ghost: -0.262879 -0.561165 4.212003 -0.824785 -0.547040 3.384922 0.132015 -0.833386 3.334532 -0.094591 0.125591 3.504863 
ghost: -0.262879 -0.561165 8.212003 -0.824785 -0.547040 7.384922 0.132015 -0.833386 7.334532 -0.094591 0.125591 7.504863 
ghost: -0.262879 3.438835 0.212003 -0.824785 3.452960 -0.615078 0.132015 3.166614 -0.665468 -0.094591 4.125591 -0.495137 
ghost: -0.262879 3.438835 4.212003 -0.824785 3.452960 3.384922 0.132015 3.166614 3.334532 -0.094591 4.125591 3.504863 
ghost: -0.262879 3.438835 8.212003 -0.824785 3.452960 7.384922 0.132015 3.166614 7.334532 -0.094591 4.125591 7.504863 
ghost: -0.262879 7.438835 0.212003 -0.824785 7.452960 -0.615078 0.132015 7.166614 -0.665468 -0.094591 8.125591 -0.495137 
ghost: -0.262879 7.438835 4.212003 -0.824785 7.452960 3.384922 0.132015 7.166614 3.334532 -0.094591 8.125591 3.504863 
ghost: -0.262879 7.438835 8.212003 -0.824785 7.452960 7.384922 0.132015 7.166614 7.334532 -0.094591 8.125591 7.504863 
ghost: 3.737121 -0.561165 0.212003 3.175215 -0.547040 -0.615078 4.132015 -0.833386 -0.665468 3.905409 0.125591 -0.495137 
ghost: 3.737121 -0.561165 4.212003 3.175215 -0.547040 3.384922 4.132015 -0.833386 3.334532 3.905409 0.125591 3.504863 
ghost: 3.737121 -0.561165 8.212003 3.175215 -0.547040 7.384922 4.132015 -0.833386 7.334532 3.905409 0.125591 7.504863 
ghost: 3.737121 3.438835 0.212003 3.175215 3.452960 -0.615078 4.132015 3.166614 -0.665468 3.905409 4.125591 -0.495137 
ghost: 3.737121 3.438835 8.212003 3.175215 3.452960 7.384922 4.132015 3.166614 7.334532 3.905409 4.125591 7.504863 
ghost: 3.737121 7.438835 0.212003 3.175215 7.452960 -0.615078 4.132015 7.166614 -0.665468 3.905409 8.125591 -0.495137 
ghost: 3.737121 7.438835 4.212003 3.175215 7.452960 3.384922 4.132015 7.166614 3.334532 3.905409 8.125591 3.504863 
ghost: 3.737121 7.438835 8.212003 3.175215 7.452960 7.384922 4.132015 7.166614 7.334532 3.905409 8.125591 7.504863 
ghost: 7.737121 -0.561165 0.212003 7.175215 -0.547040 -0.615078 8.132015 -0.833386 -0.665468 7.905409 0.125591 -0.495137 
ghost: 7.737121 -0.561165 4.212003 7.175215 -0.547040 3.384922 8.132015 -0.833386 3.334532 7.905409 0.125591 3.504863 
ghost: 7.737121 -0.561165 8.212003 7.175215 -0.547040 7.384922 8.132015 -0.833386 7.334532 7.905409 0.125591 7.504863 
ghost: 7.737121 3.438835 0.212003 7.175215 3.452960 -0.615078 8.132015 3.166614 -0.665468 7.905409 4.125591 -0.495137 
ghost: 7.737121 3.438835 4.212003 7.175215 3.452960 3.384922 8.132015 3.166614 3.334532 7.905409 4.125591 3.504863 
ghost: 7.737121 3.438835 8.212003 7.175215 3.452960 7.384922 8.132015 3.166614 7.334532 7.905409 4.125591 7.504863 
ghost: 7.737121 7.438835 0.212003 7.175215 7.452960 -0.615078 8.132015 7.166614 -0.665468 7.905409 8.125591 -0.495137 
ghost: 7.737121 7.438835 4.212003 7.175215 7.452960 3.384922 8.132015 7.166614 3.334532 7.905409 8.125591 3.504863 
ghost: 7.737121 7.438835 8.212003 7.175215 7.452960 7.384922 8.132015 7.166614 7.334532 7.905409 8.125591 7.504863 
