4.000000 0.000000 0.000000 
0.000000 4.000000 0.000000 
0.000000 0.000000 4.000000 
particle: -0.309027 0.398628 0.362737 0.392504 0.487252 -0.344369 0.015303 -0.412337 -0.124238 0.614260 0.051977 0.528190 
particle: 0.274250 0.500760 0.048416 0.470753 0.653183 1.016999 -0.401569 0.249399 0.741298 -0.214634 1.213298 0.551687 
particle: 3.724615 3.970716 3.828319 4.307294 3.158038 3.822036 3.318391 3.065154 3.706083 3.695141 3.328412 4.594202 
particle: 1.021505 0.279887 0.627556 0.617873 -0.118704 1.451088 0.059262 0.007722 0.631350 0.356320 0.801976 1.161366 
ghost: -4.309027 -3.601372 -3.637263 -3.607496 -3.512748 -4.344369 -3.984697 -4.412337 -4.124238 -3.385740 -3.948023 -3.471810 
ghost: -4.309027 -3.601372 0.362737 -3.607496 -3.512748 -0.344369 -3.984697 -4.412337 -0.124238 -3.385740 -3.948023 0.528190 
ghost: -4.309027 -3.601372 4.362737 -3.607496 -3.512748 3.655631 -3.984697 -4.412337 3.875762 -3.385740 -3.948023 4.528190 
ghost: -4.309027 0.398628 -3.637263 -3.607496 0.487252 -4.344369 -3.984697 -0.412337 -4.124238 -3.385740 0.051977 -3.471810 
ghost: -4.309027 0.398628 0.362737 -3.607496 0.487252 -0.344369 -3.984697 -0.412337 -0.124238 -3.385740 0.051977 0.528190 
ghost: -4.309027 0.398628 4.362737 -3.607496 0.487252 3.655631 -3.984697 -0.412337 3.875762 -3.385740 0.051977 4.528190 
ghost: -4.309027 4.398628 -3.637263 -3.607496 4.487252 -4.344369 -3.984697 3.587663 -4.124238 -3.385740 4.051977 -3.471810 
ghost: -4.309027 4.398628 0.362737 -3.607496 4.487252 -0.344369 -3.984697 3.587663 -0.124238 -3.385740 4.051977 0.528190 
ghost: -4.309027 4.398628 4.362737 -3.607496 4.487252 3.655631 -3.984697 3.587663 3.875762 -3.385740 4.051977 4.528190 
ghost: -0.309027 -3.601372 -3.637263 0.392504 -3.512748 -4.344369 0.015303 -4.412337 -4.124238 0.614260 -3.948023 -3.471810 
ghost: -0.309027 -3.601372 0.362737 0.392504 -3.512748 -0.344369 0.015303 -4.412337 -0.124238 0.614260 -3.948023 0.528190 
ghost: -0.309027 -3.601372 4.362737 0.392504 -3.512748 3.655631 0.015303 -4.412337 3.875762 0.614260 -3.948023 4.528190 
ghost: -0.309027 0.398628 -3.637263 0.392504 0.487252 -4.344369 0.015303 -0.412337 -4.124238 0.614260 0.051977 -3.471810 
ghost: -0.309027 0.398628 4.362737 0.392504 0.487252 3.655631 0.015303 -0.412337 3.875762 0.614260 0.051977 4.528190 
ghost: -0.309027 4.398628 -3.637263 0.392504 4.487252 -4.344369 0.015303 3.587663 -4.124238 0.614260 4.051977 -3.471810 
ghost: -0.309027 4.398628 0.362737 0.392504 4.487252 -0.344369 0.015303 3.587663 -0.124238 0.614260 4.051977 0.528190 
ghost: -0.309027 4.398628 4.362737 0.392504 4.487252 3.655631 0.015303 3.587663 3.875762 0.614260 4.051977 4.528190 
ghost: 3.690973 -3.601372 -3.637263 4.392504 -3.512748 -4.344369 4.015303 -4.412337 -4.124238 4.614260 -3.948023 -3.471810 
ghost: 3.690973 -3.601372 0.362737 4.392504 -3.512748 -0.344369 4.015303 -4.412337 -0.124238 4.614260 -3.948023 0.528190 
ghost: 3.690973 -3.601372 4.362737 4.392504 -3.512748 3.655631 4.015303 -4.412337 3.875762 4.614260 -3.948023 4.528190 
ghost: 3.690973 0.398628 -3.637263 4.392504 0.487252 -4.344369 4.015303 -0.412337 -4.124238 4.614260 0.051977 -3.471810 
ghost: 3.690973 0.398628 0.362737 4.392504 0.487252 -0.344369 4.015303 -0.412337 -0.124238 4.614260 0.051977 0.528190 
ghost: 3.690973 0.398628 4.362737 4.392504 0.487252 3.655631 4.015303 -0.412337 3.875762 4.614260 0.051977 4.528190 
ghost: 3.690973 4.398628 -3.637263 4.392504 4.487252 -4.344369 4.015303 3.587663 -4.124238 4.614260 4.051977 -3.471810 
ghost: 3.690973 4.398628 0.362737 4.392504 4.487252 -0.344369 4.015303 3.587663 -0.124238 4.614260 4.051977 0.528190 
ghost: 3.690973 4.398628 4.362737 4.392504 4.487252 3.655631 4.015303 3.587663 3.875762 4.614260 4.051977 4.528190 
ghost: -3.725750 -3.499240 -3.951584 -3.529247 -3.346817 -2.983001 -4.401569 -3.750601 -3.258702 -4.214634 -2.786702 -3.448313 
ghost: -3.725750 -3.499240 0.048416 -3.529247 -3.346817 1.016999 -4.401569 -3.750601 0.741298 -4.214634 -2.786702 0.551687 
ghost: -3.725750 -3.499240 4.048416 -3.529247 -3.346817 5.016999 -4.401569 -3.750601 4.741298 -4.214634 -2.786702 4.551687 
ghost: -3.725750 0.500760 -3.951584 -3.529247 0.653183 -2.983001 -4.401569 0.249399 -3.258702 -4.214634 1.213298 -3.448313 
ghost: -3.725750 0.500760 0.048416 -3.529247 0.653183 1.016999 -4.401569 0.249399 0.741298 -4.214634 1.213298 0.551687 
ghost: -3.725750 0.500760 4.048416 -3.529247 0.653183 5.016999 -4.401569 0.249399 4.741298 -4.214634 1.213298 4.551687 
ghost: -3.725750 4.500760 -3.951584 -3.529247 4.653183 -2.983001 -4.401569 4.249399 -3.258702 -4.214634 5.213298 -3.448313 
ghost: -3.725750 4.500760 0.048416 -3.529247 4.653183 1.016999 -4.401569 4.249399 0.741298 -4.214634 5.213298 0.551687 
ghost: -3.725750 4.500760 4.048416 -3.529247 4.653183 5.016999 -4.401569 4.249399 4.741298 -4.214634 5.213298 4.551687 
ghost: 0.274250 -3.499240 -3.951584 0.470753 -3.346817 -2.983001 -0.401569 -3.750601 -3.258702 -0.214634 -2.786702 -3.448313 
ghost: 0.274250 -3.499240 0.048416 0.470753 -3.346817 1.016999 -0.401569 -3.750601 0.741298 -0.214634 -2.786702 0.551687 
ghost: 0.274250 -3.499240 4.048416 0.470753 -3.346817 5.016999 -0.401569 -3.750601 4.741298 -0.214634 -2.786702 4.551687 
ghost: 0.274250 0.500760 -3.951584 0.470753 0.653183 -2.983001 -0.401569 0.249399 -3.258702 -0.214634 1.213298 -3.448313 
ghost: 0.274250 0.500760 4.048416 0.470753 0.653183 5.016999 -0.401569 0.249399 4.741298 -0.214634 1.213298 4.551687 
ghost: 0.274250 4.500760 -3.951584 0.470753 4.653183 -2.983001 -0.401569 4.249399 -3.258702 -0.214634 5.213298 -3.448313 
ghost: 0.274250 4.500760 0.048416 0.470753 4.653183 1.016999 -0.401569 4.249399 0.741298 -0.214634 5.213298 0.551687 
ghost: 0.274250 4.500760 4.048416 0.470753 4.653183 5.016999 -0.401569 4.249399 4.741298 -0.214634 5.213298 4.551687 
ghost: 4.274250 -3.499240 -3.951584 4.470753 -3.346817 -2.983001 3.598431 -3.750601 -3.258702 3.785366 -2.786702 -3.448313 
ghost: 4.274250 -3.499240 0.048416 4.470753 -3.346817 1.016999 3.598431 -3.750601 0.741298 3.785366 -2.786702 0.551687 
ghost: 4.274250 -3.499240 4.048416 4.470753 -3.346817 5.016999 3.598431 -3.750601 4.741298 3.785366 -2.786702 4.551687 
ghost: 4.274250 0.500760 -3.951584 4.470753 0.653183 -2.983001 3.598431 0.249399 -3.258702 3.785366 1.213298 -3.448313 
ghost: 4.274250 0.500760 0.048416 4.470753 0.653183 1.016999 3.598431 0.249399 0.741298 3.785366 1.213298 0.551687 
ghost: 4.274250 0.500760 4.048416 4.470753 0.653183 5.016999 3.598431 0.249399 4.741298 3.785366 1.213298 4.551687 
ghost: 4.274250 4.500760 -3.951584 4.470753 4.653183 -2.983001 3.598431 4.249399 -3.258702 3.785366 5.213298 -3.448313 
ghost: 4.274250 4.500760 0.048416 4.470753 4.653183 1.016999 3.598431 4.249399 0.741298 3.785366 5.213298 0.551687 
ghost: 4.274250 4.500760 4.048416 4.470753 4.653183 5.016999 3.598431 4.249399 4.741298 3.785366 5.213298 4.551687 
ghost: -0.275385 -0.029284 -0.171681 0.307294 -0.841962 -0.177964 -0.681609 -0.934846 -0.293917 -0.304859 -0.671588 0.594202 
ghost: -0.275385 -0.029284 3.828319 0.307294 -0.841962 3.822036 -0.681609 -0.934846 3.706083 -0.304859 -0.671588 4.594202 
ghost: -0.275385 -0.029284 7.828319 0.307294 -0.841962 7.822036 -0.681609 -0.934846 7.706083 -0.304859 -0.671588 8.594202 
ghost: -0.275385 3.970716 -0.171681 0.307294 3.158038 -0.177964 -0.681609 3.065154 -0.293917 -0.304859 3.328412 0.594202 
ghost: -0.275385 3.970716 3.828319 0.307294 3.158038 3.822036 -0.681609 3.065154 3.706083 -0.304859 3.328412 4.594202 
ghost: -0.275385 3.970716 7.828319 0.307294 3.158038 7.822036 -0.681609 3.065154 7.706083 -0.304859 3.328412 8.594202 
ghost: -0.275385 7.970716 -0.171681 0.307294 7.158038 -0.177964 -0.681609 7.065154 -0.293917 -0.304859 7.328412 0.594202 
ghost: -0.275385 7.970716 3.828319 0.307294 7.158038 3.822036 -0.681609 7.065154 3.706083 -0.304859 7.328412 4.594202 
ghost: -0.275385 7.970716 7.828319 0.307294 7.158038 7.822036 -0.681609 7.065154 7.706083 -0.304859 7.328412 8.594202 
ghost: 3.724615 -0.029284 -0.171681 4.307294 -0.841962 -0.177964 3.318391 -0.934846 -0.293917 3.695141 -0.671588 0.594202 
ghost: 3.724615 -0.029284 3.828319 4.307294 -0.841962 3.822036 3.318391 -0.934846 3.706083 3.695141 -0.671588 4.594202 
ghost: 3.724615 -0.029284 7.828319 4.307294 -0.841962 7.822036 3.318391 -0.934846 7.706083 3.695141 -0.671588 8.594202 
ghost: 3.724615 3.970716 -0.171681 4.307294 3.158038 -0.177964 3.318391 3.065154 -0.293917 3.695141 3.328412 0.594202 
ghost: 3.724615 3.970716 7.828319 4.307294 3.158038 7.822036 3.318391 3.065154 7.706083 3.695141 3.328412 8.594202 
ghost: 3.724615 7.970716 -0.171681 4.307294 7.158038 -0.177964 3.318391 7.065154 -0.293917 3.695141 7.328412 0.594202 
ghost: 3.724615 7.970716 3.828319 4.307294 7.158038 3.822036 3.318391 7.065154 3.706083 3.695141 7.328412 4.594202 
ghost: 3.724615 7.970716 7.828319 4.307294 7.158038 7.822036 3.318391 7.065154 7.706083 3.695141 7.328412 8.594202 
ghost: 7.724615 -0.029284 -0.171681 8.307294 -0.841962 -0.177964 7.318391 -0.934846 -0.293917 7.695141 -0.671588 0.594202 
ghost: 7.724615 -0.029284 3.828319 8.307294 -0.841962 3.822036 7.318391 -0.934846 3.706083 7.695141 -0.671588 4.594202 
ghost: 7.724615 -0.029284 7.828319 8.307294 -0.841962 7.822036 7.318391 -0.934846 7.706083 7.695141 -0.671588 8.594202 
ghost: 7.724615 3.970716 -0.171681 8.307294 3.158038 -0.177964 7.318391 3.065154 -0.293917 7.695141 3.328412 0.594202 
ghost: 7.724615 3.970716 3.828319 8.307294 3.158038 3.822036 7.318391 3.065154 3.706083 7.695141 3.328412 4.594202 
ghost: 7.724615 3.970716 7.828319 8.307294 3.158038 7.822036 7.318391 3.065154 7.706083 7.695141 3.328412 8.594202 
ghost: 7.724615 7.970716 -0.171681 8.307294 7.158038 -0.177964 7.318391 7.065154 -0.293917 7.695141 7.328412 0.594202 
ghost: 7.724615 7.970716 3.828319 8.307294 7.158038 3.822036 7.318391 7.065154 3.706083 7.695141 7.328412 4.594202 
ghost: 7.724615 7.970716 7.828319 8.307294 7.158038 7.822036 7.318391 7.065154 7.706083 7.695141 7.328412 8.594202 
ghost: -2.978495 -3.720113 -3.372444 -3.382127 -4.118704 -2.548912 -3.940738 -3.992278 -3.368650 -3.643680 -3.198024 -2.838634 
ghost: -2.978495 -3.720113 0.627556 -3.382127 -4.118704 1.451088 -3.940738 -3.992278 0.631350 -3.643680 -3.198024 1.161366 
ghost: -2.978495 -3.720113 4.627556 -3.382127 -4.118704 5.451088 -3.940738 -3.992278 4.631350 -3.643680 -3.198024 5.161366 
ghost: -2.978495 0.279887 -3.372444 -3.382127 -0.118704 -2.548912 -3.940738 0.007722 -3.368650 -3.643680 0.801976 -2.838634 
ghost: -2.978495 0.279887 0.627556 -3.382127 -0.118704 1.451088 -3.940738 0.007722 0.631350 -3.643680 0.801976 1.161366 
ghost: -2.978495 0.279887 4.627556 -3.382127 -0.118704 5.451088 -3.940738 0.007722 4.631350 -3.643680 0.801976 5.161366 
ghost: -2.978495 4.279887 -3.372444 -3.382127 3.881296 -2.548912 -3.940738 4.007722 -3.368650 -3.643680 4.801976 -2.838634 
ghost: -2.978495 4.279887 0.627556 -3.382127 3.881296 1.451088 -3.940738 4.007722 0.631350 -3.643680 4.801976 1.161366 
ghost: -2.978495 4.279887 4.627556 -3.382127 3.881296 5.451088 -3.940738 4.007722 4.631350 -3.643680 4.801976 5.161366 
ghost: 1.021505 -3.720113 -3.372444 0.617873 -4.118704 -2.548912 0.059262 -3.992278 -3.368650 0.356320 -3.198024 -2.838634 
ghost: 1.021505 -3.720113 0.627556 0.617873 -4.118704 1.451088 0.059262 -3.992278 0.631350 0.356320 -3.198024 1.161366 
ghost: 1.021505 -3.720113 4.627556 0.617873 -4.118704 5.451088 0.059262 -3.992278 4.631350 0.356320 -3.198024 5.161366 
ghost: 1.021505 0.279887 -3.372444 0.617873 -0.118704 -2.548912 0.059262 0.007722 -3.368650 0.356320 0.801976 -2.838634 
ghost: 1.021505 0.279887 4.627556 0.617873 -0.118704 5.451088 0.059262 0.007722 4.631350 0.356320 0.801976 5.161366 
ghost: 1.021505 4.279887 -3.372444 0.617873 3.881296 -2.548912 0.059262 4.007722 -3.368650 0.356320 4.801976 -2.838634 
ghost: 1.021505 4.279887 0.627556 0.617873 3.881296 1.451088 0.059262 4.007722 0.631350 0.356320 4.801976 1.161366 
ghost: 1.021505 4.279887 4.627556 0.617873 3.881296 5.451088 0.059262 4.007722 4.631350 0.356320 4.801976 5.161366 
ghost: 5.021505 -3.720113 -3.372444 4.617873 -4.118704 -2.548912 4.059262 -3.992278 -3.368650 4.356320 -3.198024 -2.838634 
ghost: 5.021505 -3.720113 0.627556 4.617873 -4.118704 1.451088 4.059262 -3.992278 0.631350 4.356320 -3.198024 1.161366 
ghost: 5.021505 -3.720113 4.627556 4.617873 -4.118704 5.451088 4.059262 -3.992278 4.631350 4.356320 -3.198024 5.161366 
ghost: 5.021505 0.279887 -3.372444 4.617873 -0.118704 -2.548912 4.059262 0.007722 -3.368650 4.356320 0.801976 -2.838634 
ghost: 5.021505 0.279887 0.627556 4.617873 -0.118704 1.451088 4.059262 0.007722 0.631350 4.356320 0.801976 1.161366 
ghost: 5.021505 0.279887 4.627556 4.617873 -0.118704 5.451088 4.059262 0.007722 4.631350 4.356320 0.801976 5.161366 
ghost: 5.021505 4.279887 -3.372444 4.617873 3.881296 -2.548912 4.059262 4.007722 -3.368650 4.356320 4.801976 -2.838634 
ghost: 5.021505 4.279887 0.627556 4.617873 3.881296 1.451088 4.059262 4.007722 0.631350 4.356320 4.801976 1.161366 
ghost: 5.021505 4.279887 4.627556 4.617873 3.881296 5.451088 4.059262 4.007722 4.631350 4.356320 4.801976 5.161366 
