4.000000 0.000000 0.000000 
0.000000 4.000000 0.000000 
0.000000 0.000000 4.000000 
particle: -0.081462 0.280310 0.683902 -0.216157 0.178516 -0.301743 0.270034 -0.528300 0.212096 0.696945 0.363394 0.061665 
particle: 3.362351 0.060442 3.815208 3.633473 0.877369 3.306166 4.308582 0.381765 3.852613 3.585114 0.903544 4.304653 
particle: 0.883677 -0.050845 -0.100179 1.262903 0.485151 0.654072 0.465787 0.821733 0.152755 1.363474 0.806281 -0.287608 
particle: 0.671379 0.425794 0.246388 1.098586 -0.317742 0.760827 0.575377 0.386318 1.240986 1.459859 0.611951 0.832599 
ghost: -4.081462 -3.719690 -3.316098 -4.216157 -3.821484 -4.301743 -3.729966 -4.528300 -3.787904 -3.303055 -3.636606 -3.938335 
ghost: -4.081462 -3.719690 0.683902 -4.216157 -3.821484 -0.301743 -3.729966 -4.528300 0.212096 -3.303055 -3.636606 0.061665 
ghost: -4.081462 -3.719690 4.683902 -4.216157 -3.821484 3.698257 -3.729966 -4.528300 4.212096 -3.303055 -3.636606 4.061665 
ghost: -4.081462 0.280310 -3.316098 -4.216157 0.178516 -4.301743 -3.729966 -0.528300 -3.787904 -3.303055 0.363394 -3.938335 
ghost: -4.081462 0.280310 0.683902 -4.216157 0.178516 -0.301743 -3.729966 -0.528300 0.212096 -3.303055 0.363394 0.061665 
ghost: -4.081462 0.280310 4.683902 -4.216157 0.178516 3.698257 -3.729966 -0.528300 4.212096 -3.303055 0.363394 4.061665 
ghost: -4.081462 4.280310 -3.316098 -4.216157 4.178516 -4.301743 -3.729966 3.471700 -3.787904 -3.303055 4.363394 -3.938335 
ghost: -4.081462 4.280310 0.683902 -4.216157 4.178516 -0.301743 -3.729966 3.471700 0.212096 -3.303055 4.363394 0.061665 
ghost: -4.081462 4.280310 4.683902 -4.216157 4.178516 3.698257 -3.729966 3.471700 4.212096 -3.303055 4.363394 4.061665 
ghost: -0.081462 -3.719690 -3.316098 -0.216157 -3.821484 -4.301743 0.270034 -4.528300 -3.787904 0.696945 -3.636606 -3.938335 
ghost: -0.081462 -3.719690 0.683902 -0.216157 -3.821484 -0.301743 0.270034 -4.528300 0.212096 0.696945 -3.636606 0.061665 
ghost: -0.081462 -3.719690 4.683902 -0.216157 -3.821484 3.698257 0.270034 -4.528300 4.212096 0.696945 -3.636606 4.061665 
ghost: -0.081462 0.280310 -3.316098 -0.216157 0.178516 -4.301743 0.270034 -0.528300 -3.787904 0.696945 0.363394 -3.938335 
ghost: -0.081462 0.280310 4.683902 -0.216157 0.178516 3.698257 0.270034 -0.528300 4.212096 0.696945 0.363394 4.061665 
ghost: -0.081462 4.280310 -3.316098 -0.216157 4.178516 -4.301743 0.270034 3.471700 -3.787904 0.696945 4.363394 -3.938335 
ghost: -0.081462 4.280310 0.683902 -0.216157 4.178516 -0.301743 0.270034 3.471700 0.212096 0.696945 4.363394 0.061665 
ghost: -0.081462 4.280310 4.683902 -0.216157 4.178516 3.698257 0.270034 3.471700 4.212096 0.696945 4.363394 4.061665 
ghost: 3.918538 -3.719690 -3.316098 3.783843 -3.821484 -4.301743 4.270034 -4.528300 -3.787904 4.696945 -3.636606 -3.938335 
ghost: 3.918538 -3.719690 0.683902 3.783843 -3.821484 -0.301743 4.270034 -4.528300 0.212096 4.696945 -3.636606 0.061665 
ghost: 3.918538 -3.719690 4.683902 3.783843 -3.821484 3.698257 4.270034 -4.528300 4.212096 4.696945 -3.636606 4.061665 
ghost: 3.918538 0.280310 -3.316098 3.783843 0.178516 -4.301743 4.270034 -0.528300 -3.787904 4.696945 0.363394 -3.938335 
ghost: 3.918538 0.280310 0.683902 3.783843 0.178516 -0.301743 4.270034 -0.528300 0.212096 4.696945 0.363394 0.061665 
ghost: 3.918538 0.280310 4.683902 3.783843 0.178516 3.698257 4.270034 -0.528300 4.212096 4.696945 0.363394 4.061665 
ghost: 3.918538 4.280310 -3.316098 3.783843 4.178516 -4.301743 4.270034 3.471700 -3.787904 4.696945 4.363394 -3.938335 
ghost: 3.918538 4.280310 0.683902 3.783843 4.178516 -0.301743 4.270034 3.471700 0.212096 4.696945 4.363394 0.061665 
ghost: 3.918538 4.280310 4.683902 3.783843 4.178516 3.698257 4.270034 3.471700 4.212096 4.696945 4.363394 4.061665 
ghost: -0.637649 -3.939558 -0.184792 -0.366527 -3.122631 -0.693834 0.308582 -3.618235 -0.147387 -0.414886 -3.096456 0.304653 
ghost: -0.637649 -3.939558 3.815208 -0.366527 -3.122631 3.306166 0.308582 -3.618235 3.852613 -0.414886 -3.096456 4.304653 
ghost: -0.637649 -3.939558 7.815208 -0.366527 -3.122631 7.306166 0.308582 -3.618235 7.852613 -0.414886 -3.096456 8.304653 
ghost: -0.637649 0.060442 -0.184792 -0.366527 0.877369 -0.693834 0.308582 0.381765 -0.147387 -0.414886 0.903544 0.304653 
ghost: -0.637649 0.060442 3.815208 -0.366527 0.877369 3.306166 0.308582 0.381765 3.852613 -0.414886 0.903544 4.304653 
ghost: -0.637649 0.060442 7.815208 -0.366527 0.877369 7.306166 0.308582 0.381765 7.852613 -0.414886 0.903544 8.304653 
ghost: -0.637649 4.060442 -0.184792 -0.366527 4.877369 -0.693834 0.308582 4.381765 -0.147387 -0.414886 4.903544 0.304653 
ghost: -0.637649 4.060442 3.815208 -0.366527 4.877369 3.306166 0.308582 4.381765 3.852613 -0.414886 4.903544 4.304653 
ghost: -0.637649 4.060442 7.815208 -0.366527 4.877369 7.306166 0.308582 4.381765 7.852613 -0.414886 4.903544 8.304653 
ghost: 3.362351 -3.939558 -0.184792 3.633473 -3.122631 -0.693834 4.308582 -3.618235 -0.147387 3.585114 -3.096456 0.304653 
ghost: 3.362351 -3.939558 3.815208 3.633473 -3.122631 3.306166 4.308582 -3.618235 3.852613 3.585114 -3.096456 4.304653 
ghost: 3.362351 -3.939558 7.815208 3.633473 -3.122631 7.306166 4.308582 -3.618235 7.852613 3.585114 -3.096456 8.304653 
ghost: 3.362351 0.060442 -0.184792 3.633473 0.877369 -0.693834 4.308582 0.381765 -0.147387 3.585114 0.903544 0.304653 
ghost: 3.362351 0.060442 7.815208 3.633473 0.877369 7.306166 4.308582 0.381765 7.852613 3.585114 0.903544 8.304653 
ghost: 3.362351 4.060442 -0.184792 3.633473 4.877369 -0.693834 4.308582 4.381765 -0.147387 3.585114 4.903544 0.304653 
ghost: 3.362351 4.060442 3.815208 3.633473 4.877369 3.306166 4.308582 4.381765 3.852613 3.585114 4.903544 4.304653 
ghost: 3.362351 4.060442 7.815208 3.633473 4.877369 7.306166 4.308582 4.381765 7.852613 3.585114 4.903544 8.304653 
ghost: 7.362351 -3.939558 -0.184792 7.633473 -3.122631 -0.693834 8.308582 -3.618235 -0.147387 7.585114 -3.096456 0.304653 
ghost: 7.362351 -3.939558 3.815208 7.633473 -3.122631 3.306166 8.308582 -3.618235 3.852613 7.585114 -3.096456 4.304653 
ghost: 7.362351 -3.939558 7.815208 7.633473 -3.122631 7.306166 8.308582 -3.618235 7.852613 7.585114 -3.096456 8.304653 
ghost: 7.362351 0.060442 -0.184792 7.633473 0.877369 -0.693834 8.308582 0.381765 -0.147387 7.585114 0.903544 0.304653 
ghost: 7.362351 0.060442 3.815208 7.633473 0.877369 3.306166 8.308582 0.381765 3.852613 7.585114 0.903544 4.304653 
ghost: 7.362351 0.060442 7.815208 7.633473 0.877369 7.306166 8.308582 0.381765 7.852613 7.585114 0.903544 8.304653 
ghost: 7.362351 4.060442 -0.184792 7.633473 4.877369 -0.693834 8.308582 4.381765 -0.147387 7.585114 4.903544 0.304653 
ghost: 7.362351 4.060442 3.815208 7.633473 4.877369 3.306166 8.308582 4.381765 3.852613 7.585114 4.903544 4.304653 
ghost: 7.362351 4.060442 7.815208 7.633473 4.877369 7.306166 8.308582 4.381765 7.852613 7.585114 4.903544 8.304653 
ghost: -3.116323 -4.050845 -4.100179 -2.737097 -3.514849 -3.345928 -3.534213 -3.178267 -3.847245 -2.636526 -3.193719 -4.287608 
ghost: -3.116323 -4.050845 -0.100179 -2.737097 -3.514849 0.654072 -3.534213 -3.178267 0.152755 -2.636526 -3.193719 -0.287608 
ghost: -3.116323 -4.050845 3.899821 -2.737097 -3.514849 4.654072 -3.534213 -3.178267 4.152755 -2.636526 -3.193719 3.712392 
ghost: -3.116323 -0.050845 -4.100179 -2.737097 0.485151 -3.345928 -3.534213 0.821733 -3.847245 -2.636526 0.806281 -4.287608 
ghost: -3.116323 -0.050845 -0.100179 -2.737097 0.485151 0.654072 -3.534213 0.821733 0.152755 -2.636526 0.806281 -0.287608 
ghost: -3.116323 -0.050845 3.899821 -2.737097 0.485151 4.654072 -3.534213 0.821733 4.152755 -2.636526 0.806281 3.712392 
ghost: -3.116323 3.949155 -4.100179 -2.737097 4.485151 -3.345928 -3.534213 4.821733 -3.847245 -2.636526 4.806281 -4.287608 
ghost: -3.116323 3.949155 -0.100179 -2.737097 4.485151 0.654072 -3.534213 4.821733 0.152755 -2.636526 4.806281 -0.287608 
ghost: -3.116323 3.949155 3.899821 -2.737097 4.485151 4.654072 -3.534213 4.821733 4.152755 -2.636526 4.806281 3.712392 
ghost: 0.883677 -4.050845 -4.100179 1.262903 -3.514849 -3.345928 0.465787 -3.178267 -3.847245 1.363474 -3.193719 -4.287608 
ghost: 0.883677 -4.050845 -0.100179 1.262903 -3.514849 0.654072 0.465787 -3.178267 0.152755 1.363474 -3.193719 -0.287608 
ghost: 0.883677 -4.050845 3.899821 1.262903 -3.514849 4.654072 0.465787 -3.178267 4.152755 1.363474 -3.193719 3.712392 
ghost: 0.883677 -0.050845 -4.100179 1.262903 0.485151 -3.345928 0.465787 0.821733 -3.847245 1.363474 0.806281 -4.287608 
ghost: 0.883677 -0.050845 3.899821 1.262903 0.485151 4.654072 0.465787 0.821733 4.152755 1.363474 0.806281 3.712392 
ghost: 0.883677 3.949155 -4.100179 1.262903 4.485151 -3.345928 0.465787 4.821733 -3.847245 1.363474 4.806281 -4.287608 
ghost: 0.883677 3.949155 -0.100179 1.262903 4.485151 0.654072 0.465787 4.821733 0.152755 1.363474 4.806281 -0.287608 
ghost: 0.883677 3.949155 3.899821 1.262903 4.485151 4.654072 0.465787 4.821733 4.152755 1.363474 4.806281 3.712392 
ghost: 4.883677 -4.050845 -4.100179 5.262903 -3.514849 -3.345928 4.465787 -3.178267 -3.847245 5.363474 -3.193719 -4.287608 
ghost: 4.883677 -4.050845 -0.100179 5.262903 -3.514849 0.654072 4.465787 -3.178267 0.152755 5.363474 -3.193719 -0.287608 
ghost: 4.883677 -4.050845 3.899821 5.262903 -3.514849 4.654072 4.465787 -3.178267 4.152755 5.363474 -3.193719 3.712392 
ghost: 4.883677 -0.050845 -4.100179 5.262903 0.485151 -3.345928 4.465787 0.821733 -3.847245 5.363474 0.806281 -4.287608 
ghost: 4.883677 -0.050845 -0.100179 5.262903 0.485151 0.654072 4.465787 0.821733 0.152755 5.363474 0.806281 -0.287608 
ghost: 4.883677 -0.050845 3.899821 5.262903 0.485151 4.654072 4.465787 0.821733 4.152755 5.363474 0.806281 3.712392 
ghost: 4.883677 3.949155 -4.100179 5.262903 4.485151 -3.345928 4.465787 4.821733 -3.847245 5.363474 4.806281 -4.287608 
ghost: 4.883677 3.949155 -0.100179 5.262903 4.485151 0.654072 4.465787 4.821733 0.152755 5.363474 4.806281 -0.287608 
ghost: 4.883677 3.949155 3.899821 5.262903 4.485151 4.654072 4.465787 4.821733 4.152755 5.363474 4.806281 3.712392 
ghost: -3.328621 -3.574206 -3.753612 -2.901414 -4.317742 -3.239173 -3.424623 -3.613682 -2.759014 -2.540141 -3.388049 -3.167401 
ghost: -3.328621 -3.574206 0.246388 -2.901414 -4.317742 0.760827 -3.424623 -3.613682 1.240986 -2.540141 -3.388049 0.832599 
ghost: -3.328621 -3.574206 4.246388 -2.901414 -4.317742 4.760827 -3.424623 -3.613682 5.240986 -2.540141 -3.388049 4.832599 
ghost: -3.328621 0.425794 -3.753612 -2.901414 -0.317742 -3.239173 -3.424623 0.386318 -2.759014 -2.540141 0.611951 -3.167401 
ghost: -3.328621 0.425794 0.246388 -2.901414 -0.317742 0.760827 -3.424623 0.386318 1.240986 -2.540141 0.611951 0.832599 
ghost: -3.328621 0.425794 4.246388 -2.901414 -0.317742 4.760827 -3.424623 0.386318 5.240986 -2.540141 0.611951 4.832599 
ghost: -3.328621 4.425794 -3.753612 -2.901414 3.682258 -3.239173 -3.424623 4.386318 -2.759014 -2.540141 4.611951 -3.167401 
ghost: -3.328621 4.425794 0.246388 -2.901414 3.682258 0.760827 -3.424623 4.386318 1.240986 -2.540141 4.611951 0.832599 
ghost: -3.328621 4.425794 4.246388 -2.901414 3.682258 4.760827 -3.424623 4.386318 5.240986 -2.540141 4.611951 4.832599 
ghost: 0.671379 -3.574206 -3.753612 1.098586 -4.317742 -3.239173 0.575377 -3.613682 -2.759014 1.459859 -3.388049 -3.167401 
ghost: 0.671379 -3.574206 0.246388 1.098586 -4.317742 0.760827 0.575377 -3.613682 1.240986 1.459859 -3.388049 0.832599 
ghost: 0.671379 -3.574206 4.246388 1.098586 -4.317742 4.760827 0.575377 -3.613682 5.240986 1.459859 -3.388049 4.832599 
ghost: 0.671379 0.425794 -3.753612 1.098586 -0.317742 -3.239173 0.575377 0.386318 -2.759014 1.459859 0.611951 -3.167401 
ghost: 0.671379 0.425794 4.246388 1.098586 -0.317742 4.760827 0.575377 0.386318 5.240986 1.459859 0.611951 4.832599 
ghost: 0.671379 4.425794 -3.753612 1.098586 3.682258 -3.239173 0.575377 4.386318 -2.759014 1.459859 4.611951 -3.167401 
ghost: 0.671379 4.425794 0.246388 1.098586 3.682258 0.760827 0.575377 4.386318 1.240986 1.459859 4.611951 0.832599 
ghost: 0.671379 4.425794 4.246388 1.098586 3.682258 4.760827 0.575377 4.386318 5.240986 1.459859 4.611951 4.832599 
ghost: 4.671379 -3.574206 -3.753612 5.098586 -4.317742 -3.239173 4.575377 -3.613682 -2.759014 5.459859 -3.388049 -3.167401 
ghost: 4.671379 -3.574206 0.246388 5.098586 -4.317742 0.760827 4.575377 -3.613682 1.240986 5.459859 -3.388049 0.832599 
ghost: 4.671379 -3.574206 4.246388 5.098586 -4.317742 4.760827 4.575377 -3.613682 5.240986 5.459859 -3.388049 4.832599 
ghost: 4.671379 0.425794 -3.753612 5.098586 -0.317742 -3.239173 4.575377 0.386318 -2.759014 5.459859 0.611951 -3.167401 
ghost: 4.671379 0.425794 0.246388 5.098586 -0.317742 0.760827 4.575377 0.386318 1.240986 5.459859 0.611951 0.832599 
ghost: 4.671379 0.425794 4.246388 5.098586 -0.317742 4.760827 4.575377 0.386318 5.240986 5.459859 0.611951 4.832599 
ghost: 4.671379 4.425794 -3.753612 5.098586 3.682258 -3.239173 4.575377 4.386318 -2.759014 5.459859 4.611951 -3.167401 
ghost: 4.671379 4.425794 0.246388 5.098586 3.682258 0.760827 4.575377 4.386318 1.240986 5.459859 4.611951 0.832599 
ghost: 4.671379 4.425794 4.246388 5.098586 3.682258 4.760827 4.575377 4.386318 5.240986 5.459859 4.611951 4.832599 
