4.000000 0.000000 0.000000 
0.000000 4.000000 0.000000 
0.000000 0.000000 4.000000 
particle: 0.102748 -0.399145 -0.315070 -0.566266 0.229101 0.082078 0.368722 0.538507 -0.091314 0.186956 -0.117903 0.640865 
particle: 0.518833 0.375894 0.896897 0.390111 0.311322 -0.092679 0.458324 -0.520604 0.457999 1.265452 0.052348 0.315623 
particle: 3.600488 0.812863 4.229955 3.792934 0.833498 3.248865 3.198782 0.123583 3.627024 4.180035 0.109016 3.819196 
particle: 4.069870 3.735612 0.343429 3.070916 3.691647 0.355995 3.538848 4.520134 0.663647 3.582446 3.687167 1.215249 
ghost: -3.897252 -4.399145 -4.315070 -4.566266 -3.770899 -3.917922 -3.631278 -3.461493 -4.091314 -3.813044 -4.117903 -3.359135 
ghost: -3.897252 -4.399145 -0.315070 -4.566266 -3.770899 0.082078 -3.631278 -3.461493 -0.091314 -3.813044 -4.117903 0.640865 
ghost: -3.897252 -4.399145 3.684930 -4.566266 -3.770899 4.082078 -3.631278 -3.461493 3.908686 -3.813044 -4.117903 4.640865 
ghost: -3.897252 -0.399145 -4.315070 -4.566266 0.229101 -3.917922 -3.631278 0.538507 -4.091314 -3.813044 -0.117903 -3.359135 
ghost: -3.897252 -0.399145 -0.315070 -4.566266 0.229101 0.082078 -3.631278 0.538507 -0.091314 -3.813044 -0.117903 0.640865 
ghost: -3.897252 -0.399145 3.684930 -4.566266 0.229101 4.082078 -3.631278 0.538507 3.908686 -3.813044 -0.117903 4.640865 
ghost: -3.897252 3.600855 -4.315070 -4.566266 4.229101 -3.917922 -3.631278 4.538507 -4.091314 -3.813044 3.882097 -3.359135 
ghost: -3.897252 3.600855 -0.315070 -4.566266 4.229101 0.082078 -3.631278 4.538507 -0.091314 -3.813044 3.882097 0.640865 
ghost: -3.897252 3.600855 3.684930 -4.566266 4.229101 4.082078 -3.631278 4.538507 3.908686 -3.813044 3.882097 4.640865 
ghost: 0.102748 -4.399145 -4.315070 -0.566266 -3.770899 -3.917922 0.368722 -3.461493 -4.091314 0.186956 -4.117903 -3.359135 
ghost: 0.102748 -4.399145 -0.315070 -0.566266 -3.770899 0.082078 0.368722 -3.461493 -0.091314 0.186956 -4.117903 0.640865 
ghost: 0.102748 -4.399145 3.684930 -0.566266 -3.770899 4.082078 0.368722 -3.461493 3.908686 0.186956 -4.117903 4.640865 
ghost: 0.102748 -0.399145 -4.315070 -0.566266 0.229101 -3.917922 0.368722 0.538507 -4.091314 0.186956 -0.117903 -3.359135 
ghost: 0.102748 -0.399145 3.684930 -0.566266 0.229101 4.082078 0.368722 0.538507 3.908686 0.186956 -0.117903 4.640865 
ghost: 0.102748 3.600855 -4.315070 -0.566266 4.229101 -3.917922 0.368722 4.538507 -4.091314 0.186956 3.882097 -3.359135 
ghost: 0.102748 3.600855 -0.315070 -0.566266 4.229101 0.082078 0.368722 4.538507 -0.091314 0.186956 3.882097 0.640865 
ghost: 0.102748 3.600855 3.684930 -0.566266 4.229101 4.082078 0.368722 4.538507 3.908686 0.186956 3.882097 4.640865 
ghost: 4.102748 -4.399145 -4.315070 3.433734 -3.770899 -3.917922 4.368722 -3.461493 -4.091314 4.186956 -4.117903 -3.359135 
ghost: 4.102748 -4.399145 -0.315070 3.433734 -3.770899 0.082078 4.368722 -3.461493 -0.091314 4.186956 -4.117903 0.640865 
ghost: 4.102748 -4.399145 3.684930 3.433734 -3.770899 4.082078 4.368722 -3.461493 3.908686 4.186956 -4.117903 4.640865 
ghost: 4.102748 -0.399145 -4.315070 3.433734 0.229101 -3.917922 4.368722 0.538507 -4.091314 4.186956 -0.117903 -3.359135 
ghost: 4.102748 -0.399145 -0.315070 3.433734 0.229101 0.082078 4.368722 0.538507 -0.091314 4.186956 -0.117903 0.640865 
ghost: 4.102748 -0.399145 3.684930 3.433734 0.229101 4.082078 4.368722 0.538507 3.908686 4.186956 -0.117903 4.640865 
ghost: 4.102748 3.600855 -4.315070 3.433734 4.229101 -3.917922 4.368722 4.538507 -4.091314 4.186956 3.882097 -3.359135 
ghost: 4.102748 3.600855 -0.315070 3.433734 4.229101 0.082078 4.368722 4.538507 -0.091314 4.186956 3.882097 0.640865 
ghost: 4.102748 3.600855 3.684930 3.433734 4.229101 4.082078 4.368722 4.538507 3.908686 4.186956 3.882097 4.640865 
ghost: -3.481167 -3.624106 -3.103103 -3.609889 -3.688678 -4.092679 -3.541676 -4.520604 -3.542001 -2.734548 -3.947652 -3.684377 
ghost: -3.481167 -3.624106 0.896897 -3.609889 -3.688678 -0.092679 -3.541676 -4.520604 0.457999 -2.734548 -3.947652 0.315623 
ghost: -3.481167 -3.624106 4.896897 -3.609889 -3.688678 3.907321 -3.541676 -4.520604 4.457999 -2.734548 -3.947652 4.315623 
ghost: -3.481167 0.375894 -3.103103 -3.609889 0.311322 -4.092679 -3.541676 -0.520604 -3.542001 -2.734548 0.052348 -3.684377 
ghost: -3.481167 0.375894 0.896897 -3.609889 0.311322 -0.092679 -3.541676 -0.520604 0.457999 -2.734548 0.052348 0.315623 
ghost: -3.481167 0.375894 4.896897 -3.609889 0.311322 3.907321 -3.541676 -0.520604 4.457999 -2.734548 0.052348 4.315623 
ghost: -3.481167 4.375894 -3.103103 -3.609889 4.311322 -4.092679 -3.541676 3.479396 -3.542001 -2.734548 4.052348 -3.684377 
ghost: -3.481167 4.375894 0.896897 -3.609889 4.311322 -0.092679 -3.541676 3.479396 0.457999 -2.734548 4.052348 0.315623 
ghost: -3.481167 4.375894 4.896897 -3.609889 4.311322 3.907321 -3.541676 3.479396 4.457999 -2.734548 4.052348 4.315623 
ghost: 0.518833 -3.624106 -3.103103 0.390111 -3.688678 -4.092679 0.458324 -4.520604 -3.542001 1.265452 -3.947652 -3.684377 
ghost: 0.518833 -3.624106 0.896897 0.390111 -3.688678 -0.092679 0.458324 -4.520604 0.457999 1.265452 -3.947652 0.315623 
ghost: 0.518833 -3.624106 4.896897 0.390111 -3.688678 3.907321 0.458324 -4.520604 4.457999 1.265452 -3.947652 4.315623 
ghost: 0.518833 0.375894 -3.103103 0.390111 0.311322 -4.092679 0.458324 -0.520604 -3.542001 1.265452 0.052348 -3.684377 
ghost: 0.518833 0.375894 4.896897 0.390111 0.311322 3.907321 0.458324 -0.520604 4.457999 1.265452 0.052348 4.315623 
ghost: 0.518833 4.375894 -3.103103 0.390111 4.311322 -4.092679 0.458324 3.479396 -3.542001 1.265452 4.052348 -3.684377 
ghost: 0.518833 4.375894 0.896897 0.390111 4.311322 -0.092679 0.458324 3.479396 0.457999 1.265452 4.052348 0.315623 
ghost: 0.518833 4.375894 4.896897 0.390111 4.311322 3.907321 0.458324 3.479396 4.457999 1.265452 4.052348 4.315623 
ghost: 4.518833 -3.624106 -3.103103 4.390111 -3.688678 -4.092679 4.458324 -4.520604 -3.542001 5.265452 -3.947652 -3.684377 
ghost: 4.518833 -3.624106 0.896897 4.390111 -3.688678 -0.092679 4.458324 -4.520604 0.457999 5.265452 -3.947652 0.315623 
ghost: 4.518833 -3.624106 4.896897 4.390111 -3.688678 3.907321 4.458324 -4.520604 4.457999 5.265452 -3.947652 4.315623 
ghost: 4.518833 0.375894 -3.103103 4.390111 0.311322 -4.092679 4.458324 -0.520604 -3.542001 5.265452 0.052348 -3.684377 
ghost: 4.518833 0.375894 0.896897 4.390111 0.311322 -0.092679 4.458324 -0.520604 0.457999 5.265452 0.052348 0.315623 
ghost: 4.518833 0.375894 4.896897 4.390111 0.311322 3.907321 4.458324 -0.520604 4.457999 5.265452 0.052348 4.315623 
ghost: 4.518833 4.375894 -3.103103 4.390111 4.311322 -4.092679 4.458324 3.479396 -3.542001 5.265452 4.052348 -3.684377 
ghost: 4.518833 4.375894 0.896897 4.390111 4.311322 -0.092679 4.458324 3.479396 0.457999 5.265452 4.052348 0.315623 
ghost: 4.518833 4.375894 4.896897 4.390111 4.311322 3.907321 4.458324 3.479396 4.457999 5.265452 4.052348 4.315623 
ghost: -0.399512 -3.187137 0.229955 -0.207066 -3.166502 -0.751135 -0.801218 -3.876417 -0.372976 0.180035 -3.890984 -0.180804 
ghost: -0.399512 -3.187137 4.229955 -0.207066 -3.166502 3.248865 -0.801218 -3.876417 3.627024 0.180035 -3.890984 3.819196 
ghost: -0.399512 -3.187137 8.229955 -0.207066 -3.166502 7.248865 -0.801218 -3.876417 7.627024 0.180035 -3.890984 7.819196 
ghost: -0.399512 0.812863 0.229955 -0.207066 0.833498 -0.751135 -0.801218 0.123583 -0.372976 0.180035 0.109016 -0.180804 
ghost: -0.399512 0.812863 4.229955 -0.207066 0.833498 3.248865 -0.801218 0.123583 3.627024 0.180035 0.109016 3.819196 
ghost: -0.399512 0.812863 8.229955 -0.207066 0.833498 7.248865 -0.801218 0.123583 7.627024 0.180035 0.109016 7.819196 
ghost: -0.399512 4.812863 0.229955 -0.207066 4.833498 -0.751135 -0.801218 4.123583 -0.372976 0.180035 4.109016 -0.180804 
ghost: -0.399512 4.812863 4.229955 -0.207066 4.833498 3.248865 -0.801218 4.123583 3.627024 0.180035 4.109016 3.819196 
ghost: -0.399512 4.812863 8.229955 -0.207066 4.833498 7.248865 -0.801218 4.123583 7.627024 0.180035 4.109016 7.819196 
ghost: 3.600488 -3.187137 0.229955 3.792934 -3.166502 -0.751135 3.198782 -3.876417 -0.372976 4.180035 -3.890984 -0.180804 
ghost: 3.600488 -3.187137 4.229955 3.792934 -3.166502 3.248865 3.198782 -3.876417 3.627024 4.180035 -3.890984 3.819196 
ghost: 3.600488 -3.187137 8.229955 3.792934 -3.166502 7.248865 3.198782 -3.876417 7.627024 4.180035 -3.890984 7.819196 
ghost: 3.600488 0.812863 0.229955 3.792934 0.833498 -0.751135 3.198782 0.123583 -0.372976 4.180035 0.109016 -0.180804 
ghost: 3.600488 0.812863 8.229955 3.792934 0.833498 7.248865 3.198782 0.123583 7.627024 4.180035 0.109016 7.819196 
ghost: 3.600488 4.812863 0.229955 3.792934 4.833498 -0.751135 3.198782 4.123583 -0.372976 4.180035 4.109016 -0.180804 
ghost: 3.600488 4.812863 4.229955 3.792934 4.833498 3.248865 3.198782 4.123583 3.627024 4.180035 4.109016 3.819196 
ghost: 3.600488 4.812863 8.229955 3.792934 4.833498 7.248865 3.198782 4.123583 7.627024 4.180035 4.109016 7.819196 
ghost: 7.600488 -3.187137 0.229955 7.792934 -3.166502 -0.751135 7.198782 -3.876417 -0.372976 8.180035 -3.890984 -0.180804 
ghost: 7.600488 -3.187137 4.229955 7.792934 -3.166502 3.248865 7.198782 -3.876417 3.627024 8.180035 -3.890984 3.819196 
ghost: 7.600488 -3.187137 8.229955 7.792934 -3.166502 7.248865 7.198782 -3.876417 7.627024 8.180035 -3.890984 7.819196 
ghost: 7.600488 0.812863 0.229955 7.792934 0.833498 -0.751135 7.198782 0.123583 -0.372976 8.180035 0.109016 -0.180804 
ghost: 7.600488 0.812863 4.229955 7.792934 0.833498 3.248865 7.198782 0.123583 3.627024 8.180035 0.109016 3.819196 
ghost: 7.600488 0.812863 8.229955 7.792934 0.833498 7.248865 7.198782 0.123583 7.627024 8.180035 0.109016 7.819196 
ghost: 7.600488 4.812863 0.229955 7.792934 4.833498 -0.751135 7.198782 4.123583 -0.372976 8.180035 4.109016 -0.180804 
ghost: 7.600488 4.812863 4.229955 7.792934 4.833498 3.248865 7.198782 4.123583 3.627024 8.180035 4.109016 3.819196 
ghost: 7.600488 4.812863 8.229955 7.792934 4.833498 7.248865 7.198782 4.123583 7.627024 8.180035 4.109016 7.819196 
ghost: 0.069870 -0.264388 -3.656571 -0.929084 -0.308353 -3.644005 -0.461152 0.520134 -3.336353 -0.417554 -0.312833 -2.784751 
ghost: 0.069870 -0.264388 0.343429 -0.929084 -0.308353 0.355995 -0.461152 0.520134 0.663647 -0.417554 -0.312833 1.215249 
ghost: 0.069870 -0.264388 4.343429 -0.929084 -0.308353 4.355995 -0.461152 0.520134 4.663647 -0.417554 -0.312833 5.215249 
ghost: 0.069870 3.735612 -3.656571 -0.929084 3.691647 -3.644005 -0.461152 4.520134 -3.336353 -0.417554 3.687167 -2.784751 
ghost: 0.069870 3.735612 0.343429 -0.929084 3.691647 0.355995 -0.461152 4.520134 0.663647 -0.417554 3.687167 1.215249 
ghost: 0.069870 3.735612 4.343429 -0.929084 3.691647 4.355995 -0.461152 4.520134 4.663647 -0.417554 3.687167 5.215249 
ghost: 0.069870 7.735612 -3.656571 -0.929084 7.691647 -3.644005 -0.461152 8.520134 -3.336353 -0.417554 7.687167 -2.784751 
ghost: 0.069870 7.735612 0.343429 -0.929084 7.691647 0.355995 -0.461152 8.520134 0.663647 -0.417554 7.687167 1.215249 
ghost: 0.069870 7.735612 4.343429 -0.929084 7.691647 4.355995 -0.461152 8.520134 4.663647 -0.417554 7.687167 5.215249 
ghost: 4.069870 -0.264388 -3.656571 3.070916 -0.308353 -3.644005 3.538848 0.520134 -3.336353 3.582446 -0.312833 -2.784751 
ghost: 4.069870 -0.264388 0.343429 3.070916 -0.308353 0.355995 3.538848 0.520134 0.663647 3.582446 -0.312833 1.215249 
ghost: 4.069870 -0.264388 4.343429 3.070916 -0.308353 4.355995 3.538848 0.520134 4.663647 3.582446 -0.312833 5.215249 
ghost: 4.069870 3.735612 -3.656571 3.070916 3.691647 -3.644005 3.538848 4.520134 -3.336353 3.582446 3.687167 -2.784751 
ghost: 4.069870 3.735612 4.343429 3.070916 3.691647 4.355995 3.538848 4.520134 4.663647 3.582446 3.687167 5.215249 
ghost: 4.069870 7.735612 -3.656571 3.070916 7.691647 -3.644005 3.538848 8.520134 -3.336353 3.582446 7.687167 -2.784751 
ghost: 4.069870 7.735612 0.343429 3.070916 7.691647 0.355995 3.538848 8.520134 0.663647 3.582446 7.687167 1.215249 
ghost: 4.069870 7.735612 4.343429 3.070916 7.691647 4.355995 3.538848 8.520134 4.663647 3.582446 7.687167 5.215249 
ghost: 8.069870 -0.264388 -3.656571 7.070916 -0.308353 -3.644005 7.538848 0.520134 -3.336353 7.582446 -0.312833 -2.784751 
ghost: 8.069870 -0.264388 0.343429 7.070916 -0.308353 0.355995 7.538848 0.520134 0.663647 7.582446 -0.312833 1.215249 
ghost: 8.069870 -0.264388 4.343429 7.070916 -0.308353 4.355995 7.538848 0.520134 4.663647 7.582446 -0.312833 5.215249 
ghost: 8.069870 3.735612 -3.656571 7.070916 3.691647 -3.644005 7.538848 4.520134 -3.336353 7.582446 3.687167 -2.784751 
ghost: 8.069870 3.735612 0.343429 7.070916 3.691647 0.355995 7.538848 4.520134 0.663647 7.582446 3.687167 1.215249 
ghost: 8.069870 3.735612 4.343429 7.070916 3.691647 4.355995 7.538848 4.520134 4.663647 7.582446 3.687167 5.215249 
ghost: 8.069870 7.735612 -3.656571 7.070916 7.691647 -3.644005 7.538848 8.520134 -3.336353 7.582446 7.687167 -2.784751 
ghost: 8.069870 7.735612 0.343429 7.070916 7.691647 0.355995 7.538848 8.520134 0.663647 7.582446 7.687167 1.215249 
ghost: 8.069870 7.735612 4.343429 7.070916 7.691647 4.355995 7.538848 8.520134 4.663647 7.582446 7.687167 5.215249 
